D1C1_Parent	D1C1_R1_T1	D1C1_R1_T2	D1C1_R1_T3	D1C1_R1_T4	D1C1_R1_T5	D1C1_R1_T6	D1C1_R1_T8	D1C1_R1_T9	D1C1_R1_T10	D1C1_R1_T13	D1C1_R2_T1	D1C1_R2_T2	D1C1_R2_T3	D1C1_R2_T4	D1C1_R2_T5	D1C1_R2_T6	D1C1_R2_T8	D1C1_R2_T9	D1C1_R2_T10	D1C1_R2_T13	D1C1_R3_T1	D1C1_R3_T2	D1C1_R3_T3	D1C1_R3_T4	D1C1_R3_T5	D1C1_R3_T6	D1C1_R3_T8	D1C1_R3_T9	D1C1_R3_T10
RG0	0.171757094155788	0.353873825109807	0.44509120114979	0.449210596735349	0.446485968843532	0.48230633987798	0.492370898190997	0.497398286782717	0.489766027788396	0.510182329126689	0.518275921606889	0.34504612396828	0.436724802731321	0.425827376472699	0.429201932263143	0.424180097653718	0.423159923315501	0.455100367110382	0.464829414469789	0.512174628072333	0.512009438147864	0.353407284598424	0.420153207279158	0.428126578983632	0.386858272621835	0.3661159340706	0.331554472914463	0.458752576399635	0.488052761798252	0.503555327954868
RG1	0.151055287231042	0.334314405408301	0.409441379747638	0.431706582820444	0.432655505794825	0.4508678719276	0.466482830248212	0.472272549389068	0.491459473086414	0.486297510121157	0.462114838069607	0.344424664185143	0.425847270469983	0.459460762388886	0.434523729429336	0.447731495484596	0.429725949940948	0.470662009443897	0.481288340792349	0.456885412419931	0.484971564554511	0.31947630198096	0.421112262621724	0.435864555740993	0.390487942165663	0.36294853759125	0.319771556127997	0.450005332358274	0.477924763881761	0.492290772937532
RG2	0.00385481922046989	0.00214539037083397	0.00883900830638514	0.0169153063955044	0.048406620670474	0.0267839005904891	0.0156966501893143	0.00101821923963301	0.000227436828050907	4.2634911690122e-05	0	0.00194853536170901	0.00589000704317826	0.0113718232680467	0.0421824750729981	0.0574795834593614	0.0638385075296015	0.0229563922210064	0.0105468174700262	0.00349504902604357	0	0.00248859110875622	0.00873295985737373	0.0183831973174504	0.100128400561677	0.157602742246389	0.16123159383418	0.0169024874907228	0.000792039770507625	3.52594507920784e-05
RG3	0.00322453712570471	0.00084857096139425	0.00229746581277873	0.00348541610917849	0.00603660521550049	0.00130285858380673	0.000620530079932688	4.34826721551462e-05	5.48040549520259e-06	0	0	0.00113934293575012	0.00426649476536666	0.00889176948891073	0.0213124184237792	0.00655057684829106	0.00426582621525861	0.000235297880263077	6.91298950728419e-05	1.24378968898348e-05	0	0.00112465175107252	0.00431695691981379	0.00770926796404893	0.039042985142793	0.0581878189687138	0.113898346084191	0.0523681111916406	0.00788975786869298	0.00154302072752
RG4	0.160116027620981	0.104489814329291	0.0196330818168368	0.0058001070377308	0.00049304210137072	5.77880823462662e-05	8.54543542280185e-06	0	0	0	8.2219036995826e-06	0.102621783460107	0.0153803913142093	0.003920948955351	0.000366672497544303	5.61724927623904e-05	0	0	0	0	0	0.104206334284786	0.017340300375167	0.00749108113487774	0.000616963697295175	0.000172664151242474	7.63884394584484e-05	0	0	0
RG5	0.0309465026308184	0.0259335690161651	0.0325238306596496	0.0287931495852288	0.0218313353539631	0.00463880697379573	0.00224942153975599	0.000260896032930877	3.42525343450162e-05	7.41476725045601e-06	0	0.0251885418352484	0.0279506738769712	0.0257298883975799	0.0215512601423631	0.0138875685952556	0.0174714858792788	0.00292637460793205	0.00161703841518213	0.000639860695554834	0	0.0217068043140137	0.0299143131158669	0.0213114942352743	0.0283843363333527	0.0163294998117678	0.0108110860844665	0.000555000555000555	0.000194562961033788	1.84692361291839e-05
RG6	0.146274197086773	0.0347040150656585	0.0125335531460698	0.00747926143965748	0.00328852760561689	0.00102267394212786	0.000758571729070257	0.00040946182946096	0.000289091389871937	0.000135319502320822	0.00235968636178021	0.0285936235636834	0.0119566904224713	0.00749372621384706	0.00839141784517674	0.00859223091215486	0.0176002971022493	0.0166284783537372	0.0153107689348285	0.0129893103186175	0	0.0359204881467175	0.00982246605258136	0.00529007364762444	0.00590322083093793	0.00901816370259874	0.00945943508627119	0.00096417743476567	3.52358118407648e-05	5.03706439886834e-06
RG7	0.00271613278407093	0.00583850651510795	0.00732779574324182	0.00633529569173134	0.0136866591024737	0.0149233344774206	0.00794594026083298	0.0160088704651196	0.00901937734372966	0.000335518218083134	0.00081122783169215	0.00620812429195663	0.00587090689873342	0.00659919277731206	0.011536727801176	0.0120360368145876	0.00600561416187389	0.00958324861848162	0.00633590516580655	0.000331677250395594	0.000792562416811197	0.00594800622147777	0.00627130395290241	0.00840976252086172	0.0121770205060304	0.00373633901049289	0.0062585472828526	0.00783747842571372	0.0114914706355468	0.00027200147753889
RG8	0.0249953860564886	0.00827709083938046	0.00335214423097246	0.00133128177682633	0.000360299997155526	5.07834663042945e-05	1.97202355910812e-06	3.62355601292885e-06	2.7402027476013e-06	1.853691812614e-06	0.0146212854124244	0.00942223660786535	0.00451479664314961	0.00229793319924259	0.00329164255823028	0.00646631810914747	0.0195993803678313	0.0115455872509669	0.0132999906824924	0.0117358467098308	2.0166982616061e-06	0.0101833968584956	0.00406088672759205	0.00198664849719037	0.00101158008809761	0.00140961880850413	0.00195957566221881	5.00588735882853e-05	1.53199181916369e-06	0
RG9	0.0338402287123093	0.0216568841376433	0.00358252488745165	0.00356569440727857	0.000346077628846756	2.1013848125915e-05	0	0	0	0	0	0.0221297944651238	0.00557007962372715	0.00264878313991949	0.000193428152374289	4.53700903080845e-05	6.69149210236645e-05	0	0	0	0	0.0234877877860769	0.00638242875330053	0.00287662108986235	0.000188294115408268	0.000249089267366192	2.44018626047821e-05	0	0	0
RG10	0.00314792825230784	0.0016633118512379	0.0044025954811574	0.00398715547230399	0.0040391525996909	0.00119778934317715	0.000259649768615902	0	0	0	0	0.00178669687651724	0.00470579808759804	0.0048904732189009	0.00705424061789362	0.00418269023030722	0.00227510731480459	0.000315253470643734	2.10395332830388e-05	9.67391980320483e-06	0	0.00124429555437811	0.00513106687055652	0.00340486288680314	0.00669645987031744	0.00457701528785378	0.00229271413430149	1.30588365882484e-05	0	0
RG11	0.0201725092540037	0.0144031529626685	0.00505357935451145	0.00205378645972705	0.000779069730691555	0.000351981956109076	0.00015776188472865	3.98591161422173e-05	0	0	0	0.0153293413173653	0.00434050782509043	0.00150785127176408	5.0459518010684e-06	0	1.50558572303245e-05	0	0	0	0	0.0144563898336951	0.00484359184343965	0.00257039396120102	0.000316494364196876	0.000387786700331459	0.000310858510573964	1.08823638235403e-05	1.37879263724732e-05	0
RG12	0.0171673520839355	0.00979944405915752	0.0035529347113901	0.00157546160021408	0.000222817103504076	4.37788502623229e-05	2.23496003365587e-05	0	0	0	0	0.00901116685547823	0.00394179230980434	0.00220687290929592	0.000395266224417024	0.000183640841723199	0.000341266097220689	6.16800268650784e-05	9.01694283558807e-06	0	0	0.0096125249970089	0.00507792022688785	0.00311203319502075	0.000594929279534633	0.00140395768879127	0.00245503956815069	0.00180647239470769	0.00034929413476932	8.73091162470512e-05
RG13	0.0205137669627716	0.00575956968148988	0.00209456174835669	0.00383997859245384	0.000603660521550049	0.000113825010682039	3.28670593184687e-05	0	0	0	0	0.0107849166531801	0.0028387589681147	0.00238363700154535	0.000499549228305771	0.000520675798297541	0.000908370052896245	0.000612231377771889	0.000207389685218526	5.5279541732599e-06	0	0.010450031620148	0.00638484450983092	0.00561161213271884	3.40531910844739e-05	1.1322239425736e-05	0	0	0	0
RG14	0.021958888892758	0.0132247388036559	0.00388265381607592	0.00168584426010169	0.0002164960509224	5.42857743252804e-05	3.94404711821624e-06	0	0	0	0	0.0133613853374332	0.00217741646671203	0.00101237616470128	3.36396786737893e-06	0	0	0	0	0	0	0.0175090160151777	0.00281677211443922	0.00125170338840318	0.000146228408774506	7.92556759801521e-05	9.65464998710945e-05	1.74117821176645e-05	0	0
RG15	0.00186298851215121	0.0058977091403215	0.00454631919345634	0.00508763714209259	0.00298669734484186	0.00310304490659344	0.00309476230542701	0.00154363486150769	0.00138791269166006	0.00014829534500912	0.000153475535725542	0.00544424664185143	0.00652508684596927	0.00579036314307982	0.00221685482460272	0.00273516830143024	0.00260968191992291	0.00106226712934302	0.000910711226394395	0.000124378968898348	0.000203686524422216	0.00453279094809168	0.00511174081831337	0.00702408476366921	0.0021493572960965	0.000908609713915315	0.00276483712817662	0.00117964823847177	0.00193184168396541	9.57042235784985e-05
RG16	0.00049099323404359	0.00137011789779935	0.00111597235432122	0.00112389617340112	0.00338492365748744	0.00378774612469617	0.00224021876314682	0.00236255852042961	0.0019126615178257	0.000105660433318998	0.000101403478961519	0.00116847386308464	0.00133939762919457	0.00152124249087388	0.00271135810110742	0.0033379423583805	0.00182845021697163	0.00205371645006316	0.00150582945354321	7.46273813390087e-05	0.000181502843544549	0.00112807014545268	0.00138422849191567	0.00157324187349757	0.0029045368866169	0.000815201238652993	0.00198716037646769	0.00185653126829597	0.00242361105791695	6.3802815718999e-05
RG17	0.000727784297270287	0.00174506785748519	0.00145625937902902	0.00166242975648916	0.00368517365511705	0.00356710071937407	0.000844683424484644	0.0039315582740278	0.00229354969974228	3.1512760814438e-05	3.56282493648579e-05	0.00203916491341641	0.00141102317086273	0.00192565730799	0.00229759005341981	0.00328393034610897	0.000660784845108687	0.00225017875785564	0.00135855272056194	2.34938052363546e-05	4.63840600169403e-05	0.00157246141487343	0.00140597030068922	0.00235220713202983	0.00310084351757445	0.000455720136885875	0.000760701542940382	0.00201759025288437	0.0036829083332695	3.52594507920784e-05
RG18	0.0193681160833365	0.00652074629137841	0.00131676283473887	0.000341182766925341	2.05434208904467e-05	3.50230802098583e-06	0	0	0	0	0	0.00755138371904839	0.00127970967780444	0.000549039983502018	0.000245569654318662	4.75305707989457e-05	0	0	0	0	0	0.00653255166048507	0.00204856153777398	0.000652646567959456	0.000262409884239182	8.49167956930201e-05	3.18285164410202e-05	0	0	0
RG19	0.00112127532880877	0.000425695067011733	0.000410035296852873	0.000224110248862724	1.58026314541898e-06	5.25346203147874e-06	0	0	0	0	0	0.000220100339860819	0.000424978213897743	0.000910602899466762	0.000442361774560329	5.61724927623904e-05	0	0	0	0	0	0.00047515681884219	0.00235777837366439	0.00364793067017807	0.00392613261915111	0.00399958107714125	0.00681766822166652	0.00075088310382428	0	0
RG20	0.00441545688487427	0.0017648020658897	0.00326337370278782	0.00313085362590313	0.00118519735906423	0.000122580780734504	2.36642827092974e-05	0	0	0	0	0.00134973296649943	0.00241855579032816	0.00293535522886933	0.00230263600522088	0.000687032796093851	5.85505558957064e-05	0	0	0	0	0.00171603397884014	0.00508033598341825	0.00275987199706022	0.000969514381463847	0.000441567337603705	7.85103405545164e-05	0	0	0
RG21	0.00881002044064031	0.00638260683254678	0.0019212478599962	0.000916510569975916	0.000143803946233127	2.1013848125915e-05	6.57341186369373e-06	0	0	0	0	0.00810487133840427	0.00199596509448603	0.000897211680356956	5.0459518010684e-06	0	0	0	0	0	0	0.00853914916163878	0.0018842900937072	0.0017588920702485	7.81220266055579e-05	4.24583978465101e-05	9.76074504191285e-05	0	0	0
RG22	0.00824241833319985	0.00458397469510648	0.00259125398938981	0.00168918918918919	0.000161186840832735	1.05069240629575e-05	0	0	0	0	0	0.0039488590386794	0.00250450644032996	0.00153195546616173	0.000339760754605272	5.61724927623904e-05	0.000115428238765821	0	0	0	0	0.00416360435503444	0.00335065430765626	0.00153879132152317	4.20657066337619e-05	1.415279928217e-05	0	0	0	0
RG23	0.00118047309461544	0.00339710301820622	0.00313867224652844	0.00399384533047899	0.00232298682376589	0.00219769828316861	0.00474929007151872	0.00207992115142116	0.00225107655715446	0.00023171147657675	0.00038917010844691	0.00313319307331283	0.00445033365564827	0.00342279560446624	0.00191746168440599	0.00200492589551916	0.00311321670062599	0.0017613074338139	0.00147577297742458	0.000222500155473711	0.000415439841890856	0.00325431144991198	0.00409953883207835	0.00450919446953806	0.00204719772284308	0.000860490196355937	0.00316269358368937	0.00187176657764893	0.0030164918919333	0.000235063005280523
RG24	0.0082911694344524	0.00446556944467937	0.00131253566673007	0.000608777093925609	6.95315783984349e-05	1.05069240629575e-05	0	0	0	0	0	0.00471921022819226	0.0013513352194726	0.000645456761092616	0.000242205686451283	4.10491293263622e-05	0.000132156969021737	1.59911180761314e-05	0	2.76397708662995e-06	0	0.00578050489684995	0.00217659663388485	0.00176654774846504	0.00117183039908337	0.000959559791331127	0.000583522801418703	0	0	0
RG25	0.00530690559349242	0.0016294817796873	0.000171200304356097	5.35188654000535e-05	1.58026314541898e-06	0	0	0	0	0	0	0.00100339860818903	7.40130597237642e-05	1.87477067537274e-05	0	0	0	0	3.00564761186269e-06	0	0	0.00236552891107047	0.000410678610166953	0.00172252759871997	0.00164657194537868	0.00305134352523586	0.00301203860586854	0.000259000259000259	0	0
RG26	0.00469403460631745	0.00108256228961924	0.000112019952233001	1.67246454375167e-05	0	0	0	0	0	0	0	0.000618223013432594	7.40130597237642e-05	5.35648764392213e-06	3.36396786737893e-06	0	1.67287302559161e-06	0	0	0	0	0.00161348214743535	0.00033337440119435	0.00165171257521704	0.00152638421213936	0.002380500839261	0.00339716365480489	0.000230706113059054	0	0
RG27	0.0103282690225056	0.00338864550031857	0.00119206137847949	0.000294353759700294	0.000118519735906423	4.202769625183e-05	1.31468237273875e-06	0	0	0	0	0.0032756109402816	0.000854731463906696	0.000160694629317664	5.0459518010684e-06	0	0	0	0	0	0	0.00422171705949715	0.00115714737805865	0.000413406623692793	4.40688355210839e-05	2.830559856434e-06	0	0	0	0
RG28	0.0023888039613752	0.000876762687686418	0.00156616574725762	0.00183302113995183	0.000595759205822954	5.60369283357733e-05	6.57341186369373e-06	0	0	0	0	0.000663537789286292	0.00147071112225286	0.00187209243155078	0.00141286650429915	0.000248455256449034	9.0335143381947e-05	0	0	0	0	0.00095031363768438	0.00243508258263699	0.0019024360368085	0.000576901119548735	0.000274564306074098	3.71332691811902e-05	0	0	0
RG29	0.00197790182224652	0.00101772131914726	0.00145837296303342	0.00092989028632593	0.000167507893414411	2.45161561469008e-05	0	0	0	0	0	0.000883638129147111	0.00175005073475868	0.00139268678741975	0.000901543388457553	0.000576848291059932	0.000771194464797733	1.37066726366841e-05	1.20225904474508e-05	0	0	0.000830669834378792	0.00122478856090968	0.000654560487513589	9.81533154787778e-05	0	1.06095054803401e-06	0	0	0
RG30	0.0114913310095308	0.00151671487451863	0.000452306976940799	5.68637944875569e-05	0	0	0	0	0	0	0	0.00180288072503641	0.000248301877782951	0.000136590434920014	0	0	0	0	0	0	0	0.00245782555933478	0.000512140384443494	2.48809542037329e-05	1.2018773323932e-05	0	0	0	0	0
RG31	0.00974673802899298	0.00143495886827134	0.000188108976391267	0.000107037730800107	7.42723678346918e-05	0	0	0	0	0	0	0.00102605599611588	0.00024352684167174	6.69560955490266e-05	0	0	0	0	0	0	0	0.00135710256892338	0.000468656766896405	2.87087933119995e-05	0	2.830559856434e-06	0	0	0	0
RG32	0.00102029090478562	0.000541281144809621	0.000862342273793672	0.001003478726251	0.000145384209378546	1.75115401049291e-06	0	0	0	0	0	0.00070885256513999	0.00119614654585825	0.00216134276432258	5.38234858780629e-05	0	0	0	0	0	0	0.00056403507272634	0.00164271444066781	0.00139716127451731	0.000108168959915388	0	0	0	0	0
RG34	0.00069296208208989	0.00033266237024758	0.00121531080252785	0.00133462670591383	0.000668451310512226	5.07834663042945e-05	8.54543542280185e-06	0	0	0	0	0.000233047418676161	0.000768780813904905	0.000658847980202422	0.00028425528479352	6.69748952166962e-05	2.84388414350574e-05	0	0	0	0	0.00038286017057788	0.00117164191724101	0.00191200563457917	0.000148231537661828	2.5475038707906e-05	0	0	0	0
RG35	0.00309221270801921	0.00075271909200088	0.000437511888910025	0.000428150923200428	0.000124840788488099	2.97696181783796e-05	0	0	0	0	0	0.000702379025732319	0.000627917248624193	0.000899889924178917	9.08271324192311e-05	2.80862463811952e-05	8.36436512795806e-06	0	0	0	0	0.00101184473652725	0.000896245672776115	0.00155410267795624	0.000330516266408129	0.000118883513970228	2.33409120567481e-05	0	0	0
RG36	0.00920699369369683	0.00108256228961924	4.64988480967176e-05	0	0	0	0	0	0	0	0	0.00122673571775368	7.16255416681589e-05	1.33912191098053e-05	1.34558714695157e-05	0	0	0	0	0	0	0.00102551831404789	6.76411828510275e-05	0	0	0	0	0	0	0
RG37	0.00712114300439108	0.00111921153379906	0.000215585568448418	8.36232271875836e-05	0	0	0	0	0	0	0	0.00101958245670821	0.000109825830557844	5.35648764392213e-06	0	0	0	0	0	0	0	0.0013639393576837	9.17987481549659e-05	3.06227128661328e-05	0	0	0	0	0	0
RG38	5.22333227705947e-05	4.22875894382517e-05	0.000109906368228605	0.000197350816162697	0.000415609207245191	0.000253917331521473	0.000425299747580984	1.08706680387865e-05	5.48040549520259e-06	0	0	2.91309273345201e-05	6.4462987501343e-05	0.000117842728166287	0.000359944561809546	0.000483947629952902	0.00146376389739266	0.000262711225536445	8.41581331321553e-05	1.65838625197797e-05	2.0166982616061e-06	2.73471550412771e-05	0.000115956313458904	0.000264120898470396	0.000931454932604729	0.000651028766979821	0.00506922171850648	0.000187176657764893	7.65995909581843e-06	0
RG39	0.00117002643006132	0.000417237549124083	0.000724959313507915	0.000876371420925876	0.000176989472286925	4.90323122938016e-05	0	0	0	1.853691812614e-06	0	0.000547014079948212	0.000632692284735403	0.000988271970303632	0.000285937268727209	7.7777297671002e-05	1.67287302559161e-05	0	0	1.38198854331498e-06	2.0166982616061e-06	0.000410207325619157	0.000816525707273118	0.000734945108787187	0.000286447430887046	5.66111971286801e-05	3.07675658929862e-05	1.74117821176645e-05	0	1.67902146628945e-06
RG40	6.61622088427533e-05	0.000276278917663244	0.0001690867203517	0.000247524752475248	0.0013242605158611	0.00150599244902391	3.28670593184687e-05	0.000905889003232212	0.000631616733322098	2.5951685376596e-05	5.48126913305507e-06	0.000262178346010681	0.000307989829173083	0.000243720187798457	0.000748482850491812	0.00178239640496046	2.00744763070993e-05	0.000639644723045257	0.000462869732226854	4.14596562994493e-05	8.06679304642439e-06	0.000290563522313569	0.000369610749150258	0.00058565938356479	0.000859342292661137	0.000175494711098908	1.80361593165781e-05	0.000724765430647784	0.00107239427341458	1.00741287977367e-05
RG41	0.00186298851215121	0.000363673269168964	0.000443852640923213	0.000759298902863259	0.000240199998103684	4.0276542241337e-05	0	0	0	0	0	0.000229810648972326	0.000620754694457377	0.000988271970303632	0.000139604666496226	5.83329732532515e-05	0	0	0	0	0	0.000464901635701711	0.000768210576665241	0.000920595305538118	7.81220266055579e-05	2.5475038707906e-05	0	0	0	0
RG43	0.00203013514501711	0.000462344311191551	0.000779912497622218	0.000538533583088039	8.53342098526247e-05	0	0	0	0	0	0	0.00039488590386794	0.000632692284735403	0.000420484280047887	0.000111010939623505	0	0	0	0	0	0	0.000560616678346181	0.000748884524422091	0.000773223499869853	4.60719644084059e-05	0	0	0	0	0
RG44	0.00665104309945573	0.000654048049978292	8.24297761714539e-05	3.01043617875301e-05	0	0	0	0	0	0	0	0.000589092086098074	0.000307989829173083	0.000120520971988248	0	0	0	0	0	0	0	0.000775975524296238	0.000166687200597175	0	0	0	0	0	0	0
RG45	0.00224255065761753	0.000482078519596069	0.00103142899414537	0.000525153866738025	7.58526309801108e-05	0	0	0	0	0	0	0.000491988994983007	0.000778330886127326	0.000366919403608666	0.000104283003888747	0	0	0	0	0	0	0.000427299297519955	0.000688490611162245	0.000438287577896526	4.20657066337619e-05	0	0	0	0	0
RG46	0.00508752563785593	0.000631494668944558	9.72248642022277e-05	0.000127107305325127	0	0	0	0	0	0	0	0.000725036413659168	0.000109825830557844	0.000104451509056481	0	0	0	0	0	0	0	0.00101526313090741	0.000224665357326627	0.000177994518534397	0	0	0	0	0	0
RG47	0.000665104309945573	0.000369311614427398	0.000587576353222159	0.00169253411827669	0.00040138683893642	8.75577005246458e-06	0	0	0	0	0	0.000291309273345202	0.000114600866669054	0.000147303410207858	8.40991966844733e-06	0	0	0	0	0	0	0.000403370536858837	0.000507308871382707	0.00108710630674771	0.00026040675535186	2.2644478851472e-05	0	0	0	0
RG48	5.9197765806674e-05	5.0745107325902e-05	0.000131042208272568	0.000267594327000268	0.000494622364516139	0.000266175409594923	0.000229412074042911	1.44942240517154e-05	9.59070961660453e-06	5.56107543784201e-06	0	4.20780061498624e-05	0.000102663276391028	0.000104451509056481	0.000390220272615956	0.000639502225294906	0.000553720971470823	0.000201031198671367	8.41581331321553e-05	6.90994271657488e-06	2.0166982616061e-06	5.12759157023946e-05	0.000152192661414812	0.000275604415795195	0.000933458061492051	0.000744437242242143	0.00158612106931084	0.00015670603905898	2.910784456411e-05	0
RG49	0.00136503083507154	0.000197342084045174	0.000240948576501173	6.35536526625636e-05	6.3210525816759e-06	0	0	0	0	0	0	0.000203916491341641	0.000241139323616135	0.000241041943976496	0.00056682858565335	0.00035215832001037	0.000679186448390194	3.88355724706049e-05	0	0	0	0.000417044114379476	0.000347868940376713	8.61263799359985e-05	0	0	0	0	0	0
RG50	0.00182468407545278	0.000327024024989146	0.000363536448756156	0.000197350816162697	4.74078943625693e-05	0	0	0	0	0	0	0.000362518206829584	0.000171901300003581	0.000291928576593756	3.36396786737893e-06	0	0	0	0	0	0	0.000403370536858837	0.000362363479559076	0.000549294912036257	0.000196306630957556	0.000147189112534568	6.36570328820403e-05	0	0	0
RG53	0.00486466346070139	0.000214257119820475	0	0	0	0	0	0	0	0	0	0.000530830231429034	0	0	0	0	0	0	0	0	0	0.000393115353718358	1.4494539182363e-05	1.9139195541333e-06	0	0	0	0	0	0
RG57	0.003952321422975	0.000352396578652097	4.86124321011139e-05	0	0	0	0	0	0	0	0	0.000291309273345202	6.4462987501343e-05	3.74954135074549e-05	0	0	0	0	0	0	0	0.000348676226776283	2.17418087735446e-05	1.9139195541333e-06	0	0	0	0	0	0
RG58	6.9644430360793e-06	0	2.11358400439625e-06	0	1.58026314541898e-06	0	1.24894825410181e-05	0	0	0	0	0	0	2.67824382196106e-06	1.00919036021368e-05	2.16048049086117e-06	5.52048098445232e-05	0	0	0	0	0	4.83151306078768e-06	9.5695977706665e-06	1.8028159985898e-05	1.1322239425736e-05	0.00254946416692572	2.61176731764967e-05	6.12796727665474e-06	1.67902146628945e-06
RG59	0.00128145751863859	0.000208618774562042	0.00036142286475176	0.000307733476050308	4.26671049263123e-05	0	0	0	0	0	0	0.000310729891568215	0.0003605152263964	0.000348171696854938	0	0	0	0	0	0	0	0.000485412001982669	0.000306801079360018	0.000199047633629863	5.00782221830499e-05	2.830559856434e-06	0	0	0	0
RG61	0.00212763734752223	0.000200161256674391	0.000173313888360493	0.000157211667112657	4.74078943625693e-06	0	0	0	0	0	0	0.000268651885418352	0.000272177058339004	0.00027585911366199	4.37315822759261e-05	4.32096098172233e-06	0	0	0	0	0	0.000300818705454048	0.000321295618542381	2.29670346495996e-05	3.60563199717959e-05	0	0	0	0	0
RG65	2.08933291082379e-05	1.97342084045174e-05	2.74765920571513e-05	4.01391490500401e-05	0.000423510522972285	0.000241659253448022	6.96781657551536e-05	7.2471120258577e-06	0	0	0	0	3.10377347228688e-05	4.82083887952991e-05	0.00028425528479352	0.000527157239770125	0.000209109128198951	0.000123360053730157	7.21355426847046e-05	0	0	6.83678876031928e-06	2.65733218343322e-05	9.76098972607983e-05	0.000821282843802019	0.000484025735450215	0.00105352389419777	0.000100117747176571	3.06398363832737e-06	0
RG66	0.00176200408812806	0.000470801829079202	4.22716800879251e-05	3.34492908750334e-06	0	0	0	0	0	0	0	0.000475805146463829	0.000382002888896847	0.00025175491926434	7.56892770160259e-05	0	0	0	0	0	0	0.000420462508759636	0.00014494539182363	0	0	0	0	0	0	0
RG67	1.74111075901982e-05	8.45751788765033e-06	1.90222560395663e-05	1.67246454375167e-05	1.26421051633518e-05	1.40092320839433e-05	0.0011010464871687	4.34826721551462e-05	3.15123315974149e-05	0.00109182447762965	0.000517979933073704	9.71030911150672e-06	1.19375902780265e-05	1.87477067537274e-05	5.0459518010684e-06	1.2962882945167e-05	0.000920080164075386	4.34044633494996e-05	9.01694283558807e-06	0.000820901194729096	0.000907514217722744	2.05103662809578e-05	1.93260522431507e-05	2.67948737578662e-05	1.001564443661e-05	1.415279928217e-05	0.000824358575822422	2.39412004117886e-05	4.13637791174195e-05	0.00102420309443656
RG68	0	0	0	6.68985817500669e-06	0	1.75115401049291e-06	0.000111748001682793	0	0	0.00134021918051992	0.000602939604636057	0	0	0	0	0	0.000138848461124104	0	0	0.000356553044175264	0.000453757108861372	0	0	0	0	0	0.000141106422888523	4.35294552941612e-06	3.06398363832737e-06	0.000706868037307857
RG69	0.000118395531613348	0.000276278917663244	0.000312810432650646	0.000267594327000268	0.000451955259589827	0.0006426735218509	8.54543542280185e-05	0.00160523531372748	0.00065490845667671	7.41476725045601e-06	0	0.00062145978313643	0.00016235122778116	0.000372275891252588	0.000262389493655557	0.000483947629952902	2.34202223582826e-05	0.000662489177439731	0.00035767206581166	1.38198854331498e-05	2.0166982616061e-06	0.000338421043635804	0.000171518713657963	0.00037130039350186	0.000404632035239043	4.81195175593781e-05	4.45599230174282e-05	0.000465765171647525	0.000854851435093337	1.67902146628945e-05
RG70	0	0	0	0	0	0	0.000117006731173748	0	0	0	0	0	0	0	1.68198393368947e-06	0	0.000424909748500269	0	0	0	0	0	0	0	0	2.830559856434e-06	0.00135271194874336	0	0	0
RG76	0.00217290622725674	0.000453886793303901	0.000215585568448418	0.0001003478726251	1.42223683087708e-05	3.50230802098583e-06	4.60138830458561e-06	1.08706680387865e-05	5.48040549520259e-06	0	0	0.000420780061498624	0.000233976769449319	0.000147303410207858	4.7095550143305e-05	5.40120122715292e-05	0.000143867080200879	9.13778175778939e-05	6.61242474609792e-05	1.38198854331498e-05	0	0.000574290255866819	0.000198092035492295	7.27289430570654e-05	4.80750932957279e-05	1.9813918995038e-05	8.48760438427204e-05	6.52941829412418e-06	0	0
RG80	0.00192218627795789	0.000318566507101496	6.34075201318876e-06	0	0	0	0	0	0	0	0	0.000249231267195339	2.14876625004477e-05	0	0	0	0	0	0	0	0	0.00018459329652862	1.4494539182363e-05	0	0	0	0	0	0	0
RG81	0.00254202170816894	6.48409704719859e-05	6.34075201318876e-06	0	0	0	0	0	0	0	0	5.50250849652047e-05	7.16255416681589e-06	0	0	0	0	0	0	0	0	0.000133317380826226	1.69102957127569e-05	0	0	0	0	0	0	0
RG83	0.00168887743624923	0.000169150357753007	0.000164859552342908	8.02782981000803e-05	0	0	0	0	0	0	0	0.000194206182230134	5.25253972233165e-05	0	0	0	0	0	0	0	0	0.000133317380826226	0.000108709043867723	0	0	0	0	0	0	0
RG85	0.00116306198702524	0.000177607875640657	3.80445120791326e-05	3.34492908750334e-06	0	0	0	0	0	0	0	0.000436963910017802	4.77503611121059e-05	2.67824382196106e-06	0	0	0	0	0	0	0	0.000218777240330217	0.00021983384426584	0.000101437736369065	0	0	0	0	0	0
RG86	5.22333227705947e-05	1.69150357753007e-05	2.95901760615476e-05	6.35536526625636e-05	8.69144729980436e-05	1.40092320839433e-05	9.20277660917122e-06	0	0	0	0	1.94206182230134e-05	9.07256861130012e-05	0.000133912191098053	0.000201838072042736	9.0740180616169e-05	4.01489526141987e-05	2.28444543944735e-06	0	0	0	2.05103662809578e-05	6.0393913259846e-05	0.000143543966559998	0.000412644550788331	0.00033966718277208	0.00128799396531328	0.000509294626941686	0.000102643451883967	0
RG87	0.00120484864524172	0.000265002227146377	0.000147950880307738	0.000107037730800107	0	0	0	0	0	0	0	7.12089334843826e-05	9.07256861130012e-05	5.62431202611823e-05	0	0	0	0	0	0	0	0.000198266874049259	0.00012561933958048	0	0	0	0	0	0	0
RG88	0.00149387303123901	0.000135320286202405	0.00010145203221102	5.68637944875569e-05	4.74078943625693e-06	0	0	0	0	1.853691812614e-06	0	0.000229810648972326	3.82002888896847e-05	0	0	0	0	0	0	0	0	0.000129898986446066	7.48884524422091e-05	1.72252759871997e-05	0	0	5.30475274017003e-06	0	0	0
RG89	0.00245496617021795	0.00186065393528307	0.000262084416545136	9.03130853625903e-05	3.16052629083795e-06	0	1.31468237273875e-06	0	0	0	0	0.00159572746399094	0.000305602311117478	6.96343393709877e-05	0	0	0	0	0	0	0	0.00152802228793136	0.000343037427315925	0.000128232610126931	6.00938666196599e-06	0	1.06095054803401e-06	0	0	0
RG90	0.0019848662652826	0.000155054494606923	0	0	0	1.75115401049291e-06	0	0	0	0	0	0.000181259103414792	0	2.67824382196106e-06	0	0	0	0	0	0	0	8.5459859503991e-05	0	1.9139195541333e-06	0	0	0	0	0	0
RG91	3.13399936623568e-05	1.69150357753007e-05	3.38173440703401e-05	4.34840781375435e-05	4.26671049263123e-05	1.75115401049292e-05	2.23496003365587e-05	0	0	3.707383625228e-06	0	2.91309273345201e-05	4.53628430565006e-05	5.62431202611823e-05	0.000100919036021368	3.24072073629175e-05	5.35319368189316e-05	0	0	0	0	3.41839438015964e-06	4.5899374077483e-05	0.000116749092802131	0.000226353564267386	0.00012737519353953	0.00126783590490064	0.000237235531353178	5.51517054898927e-05	0
RG94	0.00110734644273661	0.000115586077797888	0.000183881808382474	4.68290072250468e-05	0	0	0	0	0	0	0	0.000110050169930409	7.87880958349748e-05	1.33912191098053e-05	0	0	0	0	0	0	0	0.000136735775206386	0.000159439931005993	7.84707017194653e-05	0	0	0	0	0	0
RG95	0.00143467526543234	0.000180427048269874	9.9338448206624e-05	4.01391490500401e-05	0	0	0	0	1.37010137380065e-06	0	0	0.000155364945784107	2.14876625004477e-05	2.67824382196106e-05	0	0	0	0	0	0	0	0.00018459329652862	7.48884524422091e-05	3.06227128661328e-05	0	0	0	0	0	0
RG97	0.00164709077803275	0.000143777804090056	1.05679200219813e-05	1.003478726251e-05	0	0	0	0	0	0	0	0.000213626800453148	0	0	0	0	0	0	0	0	0	0.000201685268429419	8.93829916245721e-05	1.9139195541333e-05	4.00625777464399e-06	0	0	0	0	0
RG99	6.61622088427533e-05	2.81917262921678e-05	9.51112801978315e-05	0.000163901525287664	0.000300249997629605	0.000166359630996827	0.000176824779133361	2.17413360775731e-05	9.59070961660453e-06	1.853691812614e-06	0	1.61838485191779e-05	8.117561389058e-05	0.000117842728166287	0.00022033989531332	0.000283022944302813	0.000475095939268018	0.000107368935654025	2.70508285067642e-05	1.38198854331498e-06	0	4.10207325619157e-05	0.000118372069989298	0.000243067783374929	0.000556869830675515	0.000433075658034403	0.00160627912972348	8.48824378236143e-05	2.29798772874553e-05	1.67902146628945e-06
RG101	0.00176896853116414	0.000109947732539454	8.45433601758502e-06	0	0	0	0	0	0	0	0	7.76824728920537e-05	3.82002888896847e-05	5.35648764392213e-06	0	0	0	0	0	0	0	6.83678876031928e-05	2.41575653039384e-06	0	0	0	0	0	0	0
RG104	0.0018003085248265	3.66492441798181e-05	0	0	0	0	0	0	0	0	0	6.47353940767114e-05	2.14876625004477e-05	0	0	0	0	0	0	0	0	4.78575213222349e-05	0	0	0	0	0	0	0	0
RG109	0.00122225975283192	0.000121224423056321	1.47950880307738e-05	0	7.90131572709488e-06	0	0	0	0	0	0	9.38663214112316e-05	2.62626986116583e-05	8.03473146588319e-06	0	0	0	0	0	0	0	0.000109388620165108	9.66302612157536e-05	0	0	0	0	0	0	0
RG124	0.00131976195533703	5.0745107325902e-05	0	2.34145036125234e-05	0	0	0	0	0	0	0	9.38663214112316e-05	0	5.35648764392213e-06	0	0	0	0	0	0	0	4.10207325619157e-05	0	0	0	0	0	0	0	0
RG151	0.00112823977184485	0.000259363881887944	7.39754401538689e-05	7.69333690125769e-05	2.21236840358657e-05	1.75115401049291e-06	1.24894825410181e-05	7.2471120258577e-06	1.37010137380065e-06	0	2.74063456652753e-06	0.000190969412526299	9.78882402798171e-05	7.23125831929487e-05	3.19576947400998e-05	3.24072073629175e-05	8.86622703563554e-05	4.34044633494996e-05	3.60677713423523e-05	0	0	0.000324747466115166	7.24726959118152e-05	5.55036670698657e-05	3.80594488591179e-05	2.5475038707906e-05	5.51694284977683e-05	6.52941829412418e-06	1.53199181916369e-06	0
RG154	0.00124663530345819	0.00103463635492256	0.000160632384334115	8.6968156275087e-05	3.16052629083795e-06	0	6.57341186369373e-07	0	0	0	0	0.000983977989966014	0.000164738745836765	2.67824382196106e-05	1.68198393368947e-06	0	1.67287302559161e-06	0	0	0	0	0.00101184473652725	0.000205339305083476	9.18681385983984e-05	4.00625777464399e-06	0	2.12190109606801e-06	0	0	0
