D2C1_Parent1	D2C1_Parent2	D2C1_R1_T1	D2C1_R1_T2	D2C1_R1_T3	D2C1_R1_T4	D2C1_R1_T7	D2C1_R1_T8	D2C1_R1_T12	D2C1_R1_T13	D2C1_R1_T15	D2C1_R1_T17	D2C1_R1_T18	D2C1_R2_T1	D2C1_R2_T2	D2C1_R2_T3	D2C1_R2_T4	D2C1_R2_T6	D2C1_R2_T7	D2C1_R2_T8	D2C1_R2_T9_RESEQ	D2C1_R2_T12	D2C1_R2_T13	D2C1_R2_T14	D2C1_R2_T15	D2C1_R2_T17	D2C1_R2_T18	D2C1_R3_T1	D2C1_R3_T2	D2C1_R3_T3	D2C1_R3_T4	D2C1_R3_T6	D2C1_R3_T7	D2C1_R3_T8	D2C1_R3_T12	D2C1_R3_T13	D2C1_R3_T15	D2C1_R3_T17	D2C1_R3_T18
RG0	0.030354367089061	0.0840848565315902	0.253323228740043	0.274845505926855	0.313281075027996	0.523683574462208	0.723326126497134	0.854835001882012	0.968904522509316	0.967318982387476	0.985349177926095	0.997264033620653	0.996071170520231	0.248565249821874	0.240826545101263	0.283556744087851	0.475146749734134	0.344858986860527	0.240868692994938	0.337693062412964	0.212879461450527	0.0838897071275717	0.0773889566459226	0.0642170352776526	0.0766304117222749	0.0243101806581099	0.00614684889559363	0.24821791058868	0.253654957571821	0.292659954429734	0.538402386334373	0.577156162585364	0.678279622021707	0.843248991425928	0.978784868788292	0.993713600300591	0.99619106892796	0.997499796634176	0.995227100420429
RG1	0.00880366186488636	0.0351073644909332	0.0655293624431617	0.0796514994905178	0.0885442329227324	0.0802527537032561	0.0434231679984794	0.0189729520806966	0.00244268150426856	0.00273972602739726	0.00113950838352596	0.000694712466229255	0.000345143476465731	0.0697669887780549	0.0710777153494439	0.0848767084726782	0.0847715225965283	0.208888399852783	0.317838064802071	0.283107038865679	0.425885939286168	0.830936350153698	0.877609948817379	0.90566945451854	0.909247132370621	0.973939445270012	0.990385697881251	0.0575568745091476	0.061035235535028	0.063841890451071	0.0312991788033992	0.0418183807097873	0.0146527188608828	0.00639478879552889	0.000453646287436359	0.000144514935618596	0.000370312743114984	0.00033974055305934	0.000327383003652905
RG2	0.0356730968975867	0.0537584888107117	0.0564707020542423	0.0727276725825251	0.104490481522956	0.0831048651634957	0.129936880786258	0.0666800554751385	0.0246100484149023	0.00587084148727984	0.00113950838352596	5.31755221064368e-05	9.67691990090834e-06	0.0742911137335233	0.102051076492449	0.180710284034061	0.0986049354803594	0.384486088398335	0.36270031957825	0.329002088872009	0.335021592785469	0.0806964380102944	0.0398932566115229	0.021090559207649	0.00970963042586595	0.00015142532293375	0.000247675230225384	0.0719659418144052	0.09246696856526	0.108140789117845	0.0564000400583708	0.168976887374787	0.12341133349772	0.0770438527052675	0.0162671824855432	0.00222553000852638	0.000781079819511436	8.85239469239125e-05	0.000192983665311186
RG3	0.033810646055544	0.0692320369911142	0.251468928375633	0.198775043434277	0.132153788727137	0.0894375194226719	0.0025923491382155	0.0008323796965035	2.5807517213614e-06	0	0	1.71533942278828e-06	3.22563996696945e-06	0.227287528945493	0.217255131088178	0.130965311923433	0.141654315405163	0.0109008677439795	0.00489397933238471	0.00271711609064439	0.00133367204369364	6.02987740104586e-05	1.04241590309702e-05	9.75636013753103e-05	7.07183570711285e-05	5.13306179436441e-06	0	0.217880547437267	0.183219971012924	0.146782260546284	0.141706486594752	0.027444484380616	0.00544566248594701	0.00159988936681577	1.68641742541397e-06	0	1.24474871635289e-05	0	0
RG4	0.0277576808189053	0.0577832132179774	0.0359540778483666	0.0842038515390762	0.124400895856663	0.05503263008874	0.08466316620337	0.0296397905283022	0.000125166458486028	0	0	5.14601826836485e-06	0	0.0315478045956537	0.0861669531425155	0.113665639619738	0.0696611148792926	0.041262421411687	0.0646014602626607	0.0142391441954678	0.0167185316905881	0.000460579997228822	1.04241590309702e-05	6.72852423278002e-06	4.950284994979e-05	2.56653089718221e-06	0	0.0357061623171239	0.0858727094496665	0.127456862117308	0.0508884374374088	0.10079542435655	0.136308735210408	0.0201679049317603	0.00025464903123751	0	2.80068461179399e-05	0	0
RG5	0.0231481149848497	0.0477437361086937	0.103727949950015	0.0882943707711142	0.0810153042179918	0.0945823693933221	0.00135425163737735	0.000219778554160256	0	0	0	0	0	0.132315695137157	0.0880828311513612	0.066720313805163	0.0386950368863098	6.82964216469303e-05	4.66537591266416e-06	6.3299151791366e-06	0	0	0	6.72852423278002e-06	0	0	0	0.123497401432538	0.0839482562649972	0.0652189455426001	0.068381784886549	0.0321920270037974	0.0226185152524522	0.0192535121267322	0.000409799434375596	0	2.17831025361755e-05	0	0
RG6	0.0406981325348672	0.06407675471361	0.0412622141958786	0.0338494131790958	0.0281821575214632	0.0189634335830945	0.000266626540692226	1.01047611108164e-05	0	0	0	0	0	0.0409745724973281	0.0450197362610486	0.0319129080522723	0.0163413469992715	0.0015859946804676	0.000368564697100469	0.000123433345993164	0	0	0	1.68213105819501e-05	7.07183570711285e-06	0	0	0.0508490942565436	0.0508296197400785	0.0435342134466477	0.0347542132822112	0.0181619290212686	0.00407484337973779	0.0011516342238033	0	0	0	0	0
RG8	0.00927285621163172	0.0276925067425301	0.037298848721339	0.0560870298285354	0.0706308324001493	0.0245916922758192	0.00400731771060197	0.00158771058953703	0	0	0	0	0	0.0224731140897756	0.0396083999701069	0.0423220847726779	0.0260130127866958	0.00231069559905447	0.0020574307774849	0.000367135080389923	0.000571573733011558	0	0	6.72852423278002e-06	0	0	0	0.0324102088724663	0.058731905629627	0.0751349855922114	0.0384131162551146	0.0168992514572362	0.00710485512364538	0.0012958865437621	1.51777568287258e-05	0	0	0	0
RG10	0.0215256337705317	0.0572749242572435	0.0148215034344868	0.0114248641991599	0.00329973870847331	0.000628431338696868	0	0	0	0	0	0	0	0.0187422069825436	0.0157278637960201	0.00459876326007337	0.000234464625149681	0	4.66537591266416e-06	1.58247879478415e-06	0	1.2829526385204e-06	0	0	0	0	0	0.0143532764266371	0.0100342191831899	0.00348771063813914	0.00055795587856591	8.75123064180901e-05	0	0	0	0	0	0	0
RG11	0.0301896118222649	0.0464175640020516	0.0134219097681318	0.00646932477109953	0.00109742441209406	0	0	0	0	0	0	0	0	0.00998202039543997	0.00762274867349226	0.00121776964571471	0.000192595942087238	0	0	0	0	0	0	0	0	0	0	0.0119113525854781	0.00602594403449582	0.00174696379557415	0	0	0	0	0	0	0	0	0
RG12	0.00843833496894721	0.010928212655779	0.00941339611080654	0.0129239881829444	0.0159649122807018	0.00685749801457132	0.00117210083234998	0.000368823780544798	0	0	0	0	0	0.00896892812611329	0.0153032454429958	0.0156260039715201	0.0112794232170221	0.00191229980611405	0.00121766311320535	4.11444486643879e-05	0	1.2829526385204e-06	0	0	0	0	0	0.00932136833567226	0.0163548451115882	0.0190705033556004	0.00837649145898309	0.00340360363176072	0.00131230853460273	0	0	0	0	0	0
RG13	0.0289432024125902	0.0302570555898693	0.00829436615176239	0.00995139759407095	0.00459499813363195	0.0013673560995822	1.0559466958108e-05	0	0	0	0	0	0	0.00516287406483791	0.0034682827075025	0.000890379313826581	0	0	0	0	0	0	0	0	0	0	0	0.0119714350701463	0.0227987563221294	0.012014261690203	0.00585853672494206	0.000125017580597271	0	0	0	0	0	0	0
RG14	0.00935881548126446	0.0361624491518506	0.0293043954980812	0.0139209606122584	0.00470324748040314	0.000352197783225717	0	0	0	0	0	0	0	0.023241282953331	0.0113254207118642	0.00848155140181197	0.00181291397660378	0	0	0	0	0	0	0	0	0	0	0.0249707097887242	0.00824808607116868	0.000907675139337459	0.00015021889038313	0	0	0	0	0	0	0	0
RG15	0.0122277061052571	0.0406461738933548	0.00772033925634493	0.00166772961521263	0.000182904068682344	0	0	0	0	0	0	0	0	0.00768725507659423	0.0035260308035138	0.000715975118334777	7.53636295123973e-05	0	0	0	0	0	0	0	0	0	0	0.00674425890400965	0.001837251399739	9.63627716419905e-05	0.000175255372113651	0	0	0	0	0	0	0	0
RG16	0.00236387991490032	0.00570515851684362	0.0060047083104905	0.0151451841100188	0.0106980216498694	0.00440592520976486	0.0020934143244449	0.0010142653964982	1.80652620495298e-05	0	0	0	0	0.00612586836480228	0.0101840465789349	0.0137534536620291	0.00816439319717638	0.00126348380046821	0.00141827427744991	0.000514305608304849	0.000412803251619459	0	0	0	7.07183570711285e-06	0	0	0.00532802890825834	0.00900884647073328	0.014065856183226	0.00519328163895963	0.00305980528511822	0.00125797728953956	0.000394607586002995	0	0	0	0	0
RG17	0.00533305635346452	0.0168721129572098	0.00798800348285982	0.0083093253575539	0.00223590892123927	0.000117399261075239	0	0	0	0	0	0	0	0.00958401986106163	0.009365382394304	0.00318211163704345	0.00153658066839166	1.89712282352584e-05	0	0	0	0	0	0	0	0	0	0.00824417521769172	0.0054666498277013	0.00240596081454518	0.000211021774585825	0	0	0	0	0	0	0	0
RG18	0.00758590554508922	0.0303741160777959	0.00516301718855816	0.00129019961440625	0.000261291526689063	0	0	0	0	0	0	0	0	0.00718627538297114	0.00292477121563139	0.00030597227279264	0.000108858575962352	0	0	0	0	0	0	0	0	0	0	0.00584516743700995	0.00141627726559258	0.000152315348724437	0	0	0	0	0	0	0	0	0
RG20	0.0171954355627825	0.0304726933307868	0.00386339449837144	0.000406852719315608	0.000145576707726764	0	0	0	0	0	0	0	0	0.00354303972212326	0.000285343533232331	5.50750091026751e-05	0	0	0	0	0	0	0	0	0	0	0	0.00260715067399673	0.000186431402264841	6.21695300916068e-06	0	0	0	0	0	0	0	0	0
RG21	0.0333235435276252	0.0191671146284023	0.000309587539101551	0	0	0	0	0	0	0	0	0	0	0.00073198699679373	1.35877872967777e-05	0	0	0	0	0	0	0	0	0	0	0	0	0.000772489088591624	0.000315730600609811	0	0	0	0	0	0	0	0	0	0
RG22	0.0201108874578262	0.0199557326523288	0.00165113354187494	0.000333545923042525	3.73273609555804e-05	0	0	0	0	0	0	0	0	0.0013303794086213	0.00131461842096324	0.000422241736453843	0	0	0	0	0	0	0	0	0	0	0	0.00248698570466026	0.00084194826829283	0.000220701831825204	2.14598414833042e-05	0	0	0	0	0	0	0	0
RG23	0.0102900409022858	0.0106371017055405	0.0031474733141991	0.0017813551494359	0.0006494960806271	0.000193363488829806	0	0	0	0	0	0	0	0.00681471544353402	0.00169507646527301	0.000201941700043142	0	0	0	0	0	0	0	0	0	0	0	0.00582800101281903	0.00168690349468671	0.000264220502889329	0.000157372170877564	0	0	0	0	0	0	0	0
RG24	0.00917257039706019	0.0130845900649532	0.00343448676190783	0.00109960194409624	4.47928331466965e-05	0	0	0	0	0	0	0	0	0.0046744188635554	0.00268698493793778	0.000477316745556518	0	0	0	0	0	0	0	0	0	0	0	0.00580868878560424	0.00117872757560996	2.48678120366427e-05	0	0	0	0	0	0	0	0	0
RG25	0.0160134956053323	0.0131462008480724	0.000648198909993873	0.000439840777638495	7.09219858156028e-05	0	0	0	0	0	0	0	0	0.000325636800855005	0	0	0	0	0	0	0	0	0	0	0	0	0	0.00113298399660105	0.000162375737456474	5.59525770824461e-05	4.64963232138259e-05	0	0	0	0	0	0	0	0
RG26	0.0113322970465828	0.013184707587522	0.000138669418555903	3.66533981365412e-06	0	0	0	0	0	0	0	0	0	0.000847490648379052	0.000180038181682304	0	0	0	0	0	0	0	0	0	0	0	0	0.00169518438885384	7.51739525261455e-05	0	0	0	0	0	0	0	0	0	0
RG27	0.00297633971103359	0.00401240225064191	0.00182527653261956	0.00321816835638832	0.00220977976857036	0.000863229860847346	0.00027190627417128	1.26309513885205e-05	0	0	0	0	0	0.00153355450659067	0.0018853054874279	0.00265277960511218	0.00167474732249772	0	2.33268795633208e-05	0	0	0	0	0	0	0	0	0.00172951723723569	0.00277241536916425	0.00264842198190245	0.00217817391055538	0.00156271975746589	0.000718844165451179	0.000221743235639145	0	0	0	0	0
RG28	0.0105085207126023	0.00903060053570576	0.0015543874359057	0.00129019961440625	0.000623366927958193	0.000324574427678602	0	0	0	0	0	0	0	0.000744511489134307	0.00034648857606783	5.20152863747487e-05	0	0	0	0	0	0	0	0	0	0	0	0.00149133310158661	0.00134711722926853	0.000736708931585541	0.000146642250135912	0	0	0	0	0	0	0	0
RG29	0.00104583778053166	0.0065492262455775	0.00279596246251088	0.0032035069971337	0.000645763344531542	0	0	0	0	0	0	0	0	0.00141665924474528	0.00162713752878912	0.000553809813754678	0	0	0	0	0	0	0	0	0	0	0	0.00289468827919472	0.00510882181367685	0.0018650859027482	0.000228904975821912	0	0	0	0	0	0	0	0
RG30	0.00233880846125744	0.00326383123574288	0.00206714179754265	0.00203059825676438	0.00183650615901456	0.000877041538620904	0.000158392004371619	1.51571416662246e-05	0	0	0	0	0	0.00143892500890631	0.00190908411519726	0.001704265559455	0.0017961665033788	3.41482108234651e-05	0	0	0	0	0	0	0	0	0	0.00230459244763168	0.00302499984965209	0.00253651682773756	0.00180620332484477	0.00185651107186948	0.000697947532734575	0.000269429952980897	0	0	0	0	0
RG31	0.00299782952844177	0.00322378422671536	0.00481473120706892	0.000439840777638495	8.2120194102277e-05	0	0	0	0	0	0	0	0	0.00526028678304239	0.000373664150661386	0.000232538927322406	0.000510797933361804	0	0	0	0	0	0	0	0	0	0	0.0036264071103329	0.000487127212369423	9.94712481465709e-05	4.29196829666085e-05	0	0	0	0	0	0	0	0
RG32	0.00978144855695876	0.00763665656763247	0.00120932632461543	0.000887012234904298	0.000675625233296006	0	0	0	0	0	0	0	0	0.000744511489134307	0.000441603087145274	2.44777818234112e-05	0	0	0	0	0	0	0	0	0	0	0	0.00146772926832409	0.000962226592334662	0.00055020034131072	8.5839365933217e-05	0	0	0	0	0	0	0	0
RG33	0.00348135042012593	0.0045222314809538	0.00247347544261344	0.000472828835961382	1.11982082866741e-05	0	0	0	0	0	0	0	0	0.00303788519771999	0.000764313035443743	0.000149926413668393	0	0	0	0	0	0	0	0	0	0	0	0.00336891074746903	0.0014042494331884	0.000575068153347363	0.00062591204326304	0	0	0	0	0	0	0	0
RG34	0.0165185063144247	0.00579295388278857	0.00107710664645748	3.66533981365412e-06	0	0	0	0	0	0	0	0	0	0.000601175632347702	3.39694682419441e-06	0	1.25606049187329e-05	0	0	0	0	0	0	0	0	0	0	0.00122525352662727	2.70626229094124e-05	0	3.57664024721737e-06	0	0	2.38433586708758e-06	0	0	0	0	0
RG35	0.0155872808934033	0.00657695109798117	0.000180592731142572	0	0	0	0	0	0	0	0	0	0	0.00129002271107944	1.69847341209721e-05	0	0	0	0	0	0	0	0	0	0	0	0	6.65198937398343e-05	0	0	0	0	0	0	0	0	0	0	0
RG36	0.0159060465182914	0.00540018514040327	0.00153181334451288	5.13147573911577e-05	0	0	0	0	0	0	0	0	0	0.000652665211970075	0	0	0	0	0	0	0	0	0	0	0	0	0	0.000731718831138177	0	0	0	0	0	0	0	0	0	0	0
RG37	0.00250356372805352	0.00219950495735764	0.00163823406107904	0.00149912398378454	0.000294886151549085	0.000103587583301682	0	0	0	0	0	0	0	0.00132342135732098	0.00165091615655849	0.00118411269570752	0.000368444410949498	0.000147975580235016	0.00011196902190394	5.69692366122294e-05	4.76311444176299e-05	0	0	0	0	0	0	0.00258569264375807	0.00258297700879836	0.00198320800992226	0.000565109159060345	0.000368801862761951	0.000321808143835702	3.21885342056823e-05	0	0	0	0	0
RG38	0.00210242046976741	0.00227497816667873	0.00120932632461543	0.0019976101984415	0.000593505039193729	0.000124305099962018	0	1.26309513885205e-06	0	0	0	0	0	0.00113694558247239	0.00171885509304237	0.00153598080941905	0.000293080781437101	9.10618955292404e-05	0.000107303645991276	4.27269274591721e-05	9.52622888352597e-05	0	0	0	0	0	0	0.00234750850810899	0.0028084988663768	0.00175628922508789	0.000282554579530173	0.000393805378881405	0.000121200469756303	3.81493738734013e-05	0	0	0	0	0
RG39	8.23776333980416e-05	5.69899743853169e-05	4.19233125866684e-05	0.000597450389625622	0.000604703247480403	0.0090742722972273	0.00238907939927192	0.000156623797217654	0.000621961164848097	0.00352250489236791	0.00260459059091649	0.000173249281701617	0.000687061312964492	7.23637335233345e-05	0.000781297769564715	0.000663959831960028	0.00489026218169334	0.000364247582116961	0.000774452401502251	0.000254779085960248	0.00103200812904865	0.00142022857084208	0.00112580917534478	0.00195127202750621	0.00101127250611714	0.000189923286391483	0.00045031860040979	2.57496362863875e-05	0.000646495991724851	0.000774010649640505	0.00464605568113537	0.00105327311653201	0.000505698511741818	0.00013829148029108	0.000570009089789923	0.00039019032617021	0.000404543332814688	0.000813463296057574	0.000489351437039079
RG40	0.00198780811025709	0.00225341439258699	0.00132542165177852	0.00118023941999663	0.000765210899589399	0.000117399261075239	0	0	2.5807517213614e-06	0	0	3.43067884557657e-06	1.29025598678778e-05	0.0013846522087638	0.00178000013587787	0.000979111272936447	0.000200969678699726	2.27654738823101e-05	0.000130630525554597	0.000104443600455754	3.17540962784199e-05	2.56590527704079e-06	0	0	0	0	0	0.00216511525108041	0.00190039751986096	0.001644384070923	0.000357664024721737	0.000490694003844291	0.000129559122842945	0	5.05925227624192e-06	0	0	0	0
RG41	0.00234955336996153	0.00177131001467877	0.00130284756038569	0.0013818331097476	0.00032474804031355	0	0	0	0	0	0	0	0	0.00124688279301746	0.0013350001019084	0.000486495913740297	0.000314015122968322	9.10618955292404e-05	0	0.000126598303582732	4.76311444176299e-05	0	0	0	0	0	0	0.00200418002429049	0.00186431402264841	0.00162262473539094	0.000761824372657301	0.000453188729665109	0.000221504306796003	0	0	0	0	0	0
RG42	0.00223494101045121	0.00213327336550443	0.00100293463188107	0.00160175349856685	0.000425531914893617	2.76233555471151e-05	0	0	0	0	0	0	0	0.0011480784645529	0.0015829772200746	0.00074657234561404	0.000280520176518368	5.69136847057752e-05	5.598451095197e-05	7.75414609444233e-05	0	0	0	0	0	0	0	0.00167372635861518	0.00178613311202122	0.00141435680958405	0.000464963232138259	0.000428185213545655	0.000167173061732832	1.19216793354379e-06	0	0	0	0	0
RG43	0.00390040185958553	0.00299890486833005	0.00164790867167597	0.00023091640826021	0.000119447555057857	0	0	0	0	0	0	0	0	0.00194407953330958	0.000163053447561332	0	0	0	0	0	0	0	0	0	0	0	0	0.00192478531240746	0.000222514899477391	2.17593355320624e-05	0	0	0	0	0	0	0	0	0
RG44	0.00334166660697273	0.00308978077343097	0.0017575542584411	0.000252908447142135	0	0	0	0	0	0	0	0	0	0.00115921134663342	0.00011549619202261	3.0597227279264e-05	0	0	0	0	0	0	0	0	0	0	0	0.00263075450725925	0.000156361821254383	0	0	0	0	0	0	0	0	0	0
RG45	3.58163623469746e-06	9.24161746788923e-06	9.67461059692347e-06	3.66533981365412e-06	0	0.000980629121922586	0.000749722154025665	0.0114562729093881	0.000610347782101971	0.000782778864970646	0.00146508220739053	0.000394528067241305	0.000325789636663914	8.34966156038475e-06	1.35877872967777e-05	1.22388909117056e-05	0.00144446956565428	0.000288362669175928	0.000340572441624484	0.00417932649702494	0.000349295059062619	7.18453477571422e-05	4.16966361238807e-05	0.000151391795237551	4.950284994979e-05	1.2832654485911e-05	0	1.07290151193281e-05	1.20278324041833e-05	9.32542951374102e-06	0.00107299207416521	0.000521948398993608	0.000852582614837445	0.00876124214361332	0.000578441176916993	0.000231223896989754	0.000762408588766143	0.000303852466468564	0.000261906402922324
RG46	0.002403277913482	0.00257070992565119	0.0015672869167016	0.000582789030371006	4.10600970511385e-05	0	0	0	0	0	0	0	0	0.00176317019950125	0.00052312981092594	0.00029679310460886	0.000230277756843436	0	0	0	0	0	0	0	0	0	0	0.000959173951667933	0.000306709726306674	2.79762885412231e-05	4.64963232138259e-05	0	0	0	0	0	0	0	0
RG47	0.00152219539974642	0.00170507842282556	0.000870714953723113	0.00100796844875488	0.000317282568122434	2.07175166603363e-05	0	0	0	0	0	0	0	0.00068467224795155	0.00117534360117127	0.00063642232740869	0.000213530283618459	4.55309477646202e-05	9.33075182532833e-06	5.38042790226611e-05	0	0	0	0	0	0	0	0.0012917734203671	0.00172298699189925	0.00132731946745581	0.000189561933102521	0.000362550983732087	0.000100303837039699	0	0	0	0	0	0
RG48	0.00876784550253938	0.00382602963170614	3.86984423876939e-05	0	0	0	0	0	0	0	0	0	0	0.000118286872105451	0	0	0	0	0	0	0	0	0	0	0	0	0	6.65198937398343e-05	0	0	0	0	0	0	0	0	0	0	0
RG49	0.0052220256301889	0.00479485919625653	0.000151568899351801	0	0	0	0	0	0	0	0	0	0	0.00035764383683648	0	0	0	0	0	0	0	0	0	0	0	0	0	0.000193122272147906	0	0	0	0	0	0	0	0	0	0	0
RG50	0.00335241151567682	0.00390612364976118	0.000599825857009255	0	0	0	0	0	0	0	0	0	0	0.00131089686498041	0.000597862641058217	0.000195822254587289	0.000221904020230948	0	0	0	0	0	0	0	0	0	0	5.36450755966405e-05	3.00695810104582e-06	0	0	0	0	0	0	0	0	0	0
RG51	0.00364968732315671	0.00376749938774284	0.000512754361636944	0	0	0	0	0	0	0	0	0	0	0.00121209253651585	0.000635229056124355	0.00018664308640351	0.000267959571599635	0	0	0	0	0	0	0	0	0	0	0.000128748181431937	3.00695810104582e-06	0	0	0	0	0	0	0	0	0	0
RG52	0.00467403528628018	0.00285103898884383	0.000896513915314909	0.000729402622917171	0.000272489734975737	0	0	0	0	0	0	0	0	0.00057334342714642	0.000241183224517803	1.22388909117056e-05	0	0	0	0	0	0	0	0	0	0	0	0.00113512979962491	0.000258598396689941	2.79762885412231e-05	0	0	0	0	0	0	0	0	0
RG53	0.00395770803934069	0.00345482466341259	0.000606275597407204	2.56573786955789e-05	0	0	0	0	0	0	0	0	0	0.00130115559315996	0.000682786311663077	0.000241718095506185	0.00011723231257484	0	0	0	0	0	0	0	0	0	0	0.000113727560264878	0	0	0	0	0	0	0	0	0	0	0
RG54	0.0120128079311753	0.00214251498297232	4.51481827856429e-05	0	0	0	0	0	0	0	0	0	0	5.5664410402565e-06	0	0	0	0	0	0	0	0	0	0	0	0	0	8.58321209546248e-06	0	0	0	0	0	0	0	0	0	0	0
RG55	0.00903646822014169	0.00255684749944935	0.000377309813280015	2.19920388819247e-05	0	0	0	0	0	0	0	0	0	7.51469540434628e-05	0	0	0	0	0	0	0	0	0	0	0	0	0	4.29160604773124e-05	0	0	0	0	0	0	0	0	0	0	0
RG56	0.00782229353657925	0.0021440552525503	6.44974039794898e-05	0	0	0	0	0	0	0	0	0	0	0.000240748574991094	0	0	0	0	0	0	0	0	0	0	0	0	0	0.000579366816443718	3.60834972125498e-05	0	0	0	0	0	0	0	0	0	0
RG57	0.00297633971103359	0.00307745861680711	0.000548227933825664	0	0	0	0	0	0	0	0	0	0	0.000982476843605273	0.000356679416540413	0.000174404195491805	9.21111027373745e-05	0	0	0	0	0	0	0	0	0	0	8.36863179307592e-05	0	0	0	0	0	0	0	0	0	0	0
RG58	0.00806584480053868	0.0022195284618714	0.000309587539101551	1.83266990682706e-05	0	0	0	0	0	0	0	0	0	7.65385643035269e-05	0	0	0	0	0	0	0	0	0	0	0	0	0	2.78954393102531e-05	0	0	0	0	0	0	0	0	0	0	0
RG59	0.00777215062929349	0.00208398473900902	1.2899480795898e-05	0	0	0	0	0	0	0	0	0	0	1.53077128607054e-05	0	0	0	0	0	0	0	0	0	0	0	0	0	5.36450755966405e-05	0	0	0	0	0	0	0	0	0	0	0
RG60	0.00368192204926899	0.00371975103082542	2.90238317907704e-05	0	0	0	0	0	0	0	0	0	0	3.61818667616673e-05	0	0	0	0	0	0	0	0	0	0	0	0	0	9.6561136073953e-05	0	0	0	0	0	0	0	0	0	0	0
RG61	0.0105264288937758	0.000802480450128381	3.22487019897449e-06	0	0	0	0	0	0	0	0	0	0	1.39161026006413e-06	0	0	0	0	0	0	0	0	0	0	0	0	0	2.14580302386562e-06	0	0	0	0	0	0	0	0	0	0	0
RG62	3.58163623469746e-06	6.16107831192615e-06	0	0.00129753029403356	0.00139604329973871	0.000193363488829806	0.000113514269799661	2.27357124993369e-05	0.000180652620495298	0.00156555772994129	0.00113950838352596	4.97448432608602e-05	0.000345143476465731	5.28811898824368e-05	0.00131801536778743	0.00114127657751655	0.000406126225705697	6.07079303528269e-05	4.66537591266416e-06	1.89897455374098e-05	0	0.000139841837598723	0.000260603975774254	4.37354075130702e-05	2.82873428284514e-05	9.23951122985594e-05	0.000315223020286853	4.93534695489093e-05	0.00322345908432112	0.00129312622590542	0.000393430427193911	3.75052741791814e-05	2.0896632716604e-05	2.98041983385948e-05	0.000188878751646365	0.000289029871237192	0	7.17761731815507e-05	0.000520366668964091
RG63	0.006203393958496	0.0023196459844402	1.61243509948725e-05	0	0	0	0	0	0	0	0	0	0	2.78322052012825e-06	0	0	0	0	0	0	0	0	0	0	0	0	0	2.14580302386562e-06	0	0	0	0	0	0	0	0	0	0	0
RG64	0.00953431565676464	0.000628429987816468	0	0	0	0	0	0	0	0	0	0	0	1.39161026006413e-06	0	0	0	0	0	0	0	0	0	0	0	0	0	4.29160604773124e-06	0	0	0	0	0	0	0	0	0	0	0
RG65	0.00534738289840331	0.0021609982179081	9.02963655712858e-05	0	0	0	0	0	0	0	0	0	0	4.4531528322052e-05	0	0	0	0	0	0	0	0	0	0	0	0	0	8.58321209546249e-05	0	0	0	0	0	0	0	0	0	0	0
RG66	0.00420125930330012	0.0026030555867888	0.000151568899351801	5.8645437018466e-05	1.11982082866741e-05	0	0	0	0	0	0	0	0	0.000100195938724617	0	0	0	0	0	0	0	0	0	0	0	0	0	2.36038332625218e-05	0	0	0	0	0	0	0	0	0	0	0
RG67	0.00384667731606507	0.00262461936088054	5.15979231835919e-05	0	0	0	0	0	0	0	0	0	0	0.000225440862130388	0	0	0	0	0	0	0	0	0	0	0	0	0	6.86656967636999e-05	0	0	0	0	0	0	0	0	0	0	0
RG68	0.00800495698454882	0.00110745382656873	0	0	0	0	0	0	0	0	0	0	0	1.39161026006413e-06	0	0	0	0	0	0	0	0	0	0	0	0	0	1.28748181431937e-05	0	0	0	0	0	0	0	0	0	0	0
RG69	0.0085995085995086	0.000665396457688024	3.22487019897449e-06	0	0	0	0	0	0	0	0	0	0	0	0	0	0	0	0	0	0	0	0	0	0	0	0	1.07290151193281e-05	0	0	0	0	0	0	0	0	0	0	0
RG70	0.00686599666191503	0.00135081641988981	6.44974039794898e-06	0	0	0	0	0	0	0	0	0	0	1.39161026006413e-06	0	0	0	0	0	0	0	0	0	0	0	0	0	2.14580302386562e-05	0	0	0	0	0	0	0	0	0	0	0
RG71	0.00188394065945086	0.00195306182488059	0.000480505659647199	0	0	0	0	0	0	0	0	0	0	0.000782084966156039	4.75572555387218e-05	0	0	0	0	0	0	0	0	0	0	0	0	0.000366932317081021	6.01391620209164e-06	0	0	0	0	0	0	0	0	0	0
RG72	0.00698777229389474	0.00116290353137606	3.22487019897449e-06	0	0	0	0	0	0	0	0	0	0	1.39161026006413e-06	0	0	0	0	0	0	0	0	0	0	0	0	0	6.43740907159686e-06	0	0	0	0	0	0	0	0	0	0	0
RG73	0.00229941046267577	0.00193149805078885	0.000325711890096424	0	3.73273609555804e-06	0	0	0	0	0	0	0	0	8.48882258639117e-05	0	0	0	0	0	0	0	0	0	0	0	0	0	0.000381952938248081	0.000694607321341584	0.000354366321522159	0.000239634896563564	0	0	0	0	0	0	0	0
RG74	1.07449087040924e-05	3.08053915596308e-06	0	0	0	2.07175166603363e-05	0.000237588006557429	0.00281038668394581	0.000130327961928751	0	0.000162786911932281	5.14601826836485e-06	0	1.39161026006413e-06	0	0	6.28030245936644e-05	4.55309477646202e-05	9.79728941659474e-05	0.00197493353589062	0	2.56590527704079e-06	0	3.36426211639001e-06	2.12155071213386e-05	0	0	2.14580302386562e-06	0	0	2.8613121977739e-05	0.000118766701567408	0.000162993735189512	0.00513585945770665	8.26344538452847e-05	0	0.000155593589544111	2.39253910605169e-06	0
RG75	0.00600640396558764	0.00106124573922928	0.000180592731142572	0	0	0	0	0	0	0	0	0	0	8.34966156038475e-06	0	0	0	0	0	0	0	0	0	0	0	0	0	0.000111581757241012	0	0	0	0	0	0	0	0	0	0	0
RG76	0.003800116045014	0.00203007530377967	0.000148344029152827	0	0	0	0	0	0	0	0	0	0	4.73147488421803e-05	0	0	0	0	0	0	0	0	0	0	0	0	0	5.14992725727749e-05	0	0	0	0	0	0	0	0	0	0	0
RG77	0.00786169153516092	0.00044051709930272	0	0	0	0	0	0	0	0	0	0	0	1.39161026006413e-06	0	0	0	0	0	0	0	0	0	0	0	0	0	1.07290151193281e-05	0	0	0	0	0	0	6.74566970165589e-06	0	0	0	0
RG78	0.00792616098738548	0.000275708254458695	0	0	0	0	0	0	0	0	0	0	0	0	0	0	0	0	0	0	0	0	0	0	0	0	0	0	0	0	0	0	0	0	0	0	0	0	0
RG79	0.00598133251194476	0.00078091667603664	0.000238640394724112	0	0	0	0	0	0	0	0	0	0	0.000118286872105451	0	0	0	0	0	0	0	0	0	0	0	0	0	3.86244544295812e-05	0	0	0	0	0	0	0	0	0	0	0
RG80	0.00150070558233824	0.00113671894855038	0.000628849688800026	0.000692749224780629	0.00068682344158268	0.000138116777735575	0	8.84166597196434e-06	0	0	0	0	0	0.000157251959387246	0.000363473310188802	0.000125448631844982	3.76818147561987e-05	3.79424564705168e-05	0.000177284284681238	0	0	0	0	0	0	0	0	0.000429160604773124	1.50347905052291e-05	4.35186710641248e-05	0.00013591232939426	0	0	0	0	0	0	0	0
RG81	3.58163623469746e-06	0	0	0	3.73273609555804e-06	0.000483408722074514	0.000422378678324318	0.00353414019850803	0.000201298634266189	0.000293542074363992	0.000813934559661403	9.43436682533556e-05	2.25794797687861e-05	4.17483078019238e-06	3.39694682419441e-06	0	0.000393565620786964	0.000102444632470395	0.000121299773729268	0.00228509937966831	0	2.18101948548467e-05	0	4.37354075130702e-05	2.12155071213386e-05	2.56653089718221e-06	0	2.14580302386562e-06	0	0	0.000447080030902172	0.00029691675391852	0.000321808143835702	0.00625053647557009	0.000153463985712672	1.92686580824795e-05	0.000382760230278513	3.1103008378672e-05	2.41229581638983e-05
RG82	0	3.08053915596308e-06	2.90238317907704e-05	0.000575458350743697	0.00055244494214259	6.90583888677877e-06	0.000116154136539187	1.26309513885205e-06	7.61321757801612e-05	0	0.000162786911932281	9.77743470989322e-05	3.22563996696945e-05	3.3398646241539e-05	0.000642022949772744	0.000532391754659193	0.0015030857219417	3.79424564705168e-05	7.46460146026266e-05	7.91239397392075e-05	0	8.98066846964277e-05	4.16966361238807e-05	1.345704846556e-05	1.41436714142257e-05	7.69959269154662e-05	0.000225159300204895	6.00824846682374e-05	0.00193648101707351	0.000571959676842783	0.000679561646971301	1.87526370895907e-05	4.17932654332081e-06	4.5302381474664e-05	8.93801235469406e-05	4.33544806855789e-05	1.55593589544111e-05	6.69910949694473e-05	0.000130953201461162
RG83	0.00279725789929872	0.0016018803611008	7.73968847753878e-05	0.000161274951800781	0	0	0	0	0	0	0	0	0	0.000146119077306733	3.73664150661386e-05	3.36569500071904e-05	0	0	0	0	0	0	0	0	0	0	0	0.000128748181431937	0.000261605354790986	9.32542951374102e-06	0	0	0	0	0	0	0	0	0
RG84	0.00766470154225256	6.77718614311877e-05	3.22487019897449e-06	0	0	0	0	0	0	0	0	0	0	0	0	0	0	0	0	0	0	0	0	0	0	0	0	2.14580302386562e-06	0	0	0	0	0	0	0	0	0	0	0
RG85	0.00770051790459954	1.69429653577969e-05	0	0	0	0	0	0	0	0	0	0	0	0	0	0	0	0	0	0	0	0	0	0	0	0	0	0	0	0	0	0	0	0	0	0	0	0	0
RG86	3.58163623469746e-06	1.54026957798154e-06	3.86984423876939e-05	0.000333545923042525	0.000309817095931318	0	7.91960021858097e-06	0	1.2903758606807e-06	0	0	0	6.45127993393889e-06	0.000129419754185964	0.000383854991133969	0.000284554213697155	0	0	0	1.58247879478415e-06	0	0	0	0	0	0	0	0.000540742362014137	0.00437512403702167	0.000317064603467195	2.8613121977739e-05	0	0	1.19216793354379e-06	0	4.81716452061987e-06	0	0	3.4461368805569e-06
RG87	0	0	0	0	0	0.000303856911018266	0.000549092281821614	0.000176833319439287	0.000352272609965831	0.000978473581213307	0.000976721471593684	1.71533942278828e-06	3.22563996696945e-06	0	0	0	0.00383517136851978	8.72676498821887e-05	0.000247264923371201	0.00038137738954298	0	0.000110333926912754	0.000187634862557463	9.75636013753103e-05	0.000169724056970708	0	6.75477900614685e-05	0	0	0	0.000786860854387822	0.000284414995858793	0.000129559122842945	0.00053766773802825	0.000281631710044134	0	0.000152481717753229	1.91403128484135e-05	5.85843269694672e-05
RG88	0.00227792064526758	0.0019607631727705	0.00015801863974975	0	0	0	0	0	0	0	0	0	0	8.34966156038475e-06	0	0	0	0	0	0	0	0	0	0	0	0	0	0.000298266620317321	6.01391620209164e-06	0	0	0	0	0	0	0	0	0	0
RG89	0.00444481056725955	0.00124145727985312	0	0	0	0	0	0	0	0	0	0	0	4.17483078019238e-06	0	0	0	0	0	0	0	0	0	0	0	0	0	4.29160604773124e-06	0	0	0	0	0	0	0	0	0	0	0
RG90	0.00731011955501751	1.54026957798154e-06	0	0	0	0	0	0	0	0	0	0	0	1.39161026006413e-06	0	0	0	0	0	0	0	0	0	0	0	0	0	0	0	0	0	0	0	0	0	0	0	0	0
RG91	0.00655797594573105	0.000266466636990806	0	0	0	0	0	0	0	0	0	0	0	0	0	0	0	0	0	0	0	0	0	0	0	0	0	2.14580302386562e-06	0	0	0	0	0	0	0	0	0	0	0
RG92	0.00531872980852573	0.000768594519412788	3.22487019897449e-06	0	0	0	0	0	0	0	0	0	0	6.95805130032063e-06	0	0	0	0	0	0	0	0	0	0	0	0	0	0	0	0	0	0	0	0	0	0	0	0	0
RG93	0.00630009813683283	0.000326537150532086	0	0	0	0	0	0	0	0	0	0	0	0	0	0	0	0	0	0	0	0	0	0	0	0	0	0	0	0	0	0	0	0	0	0	0	0	0
RG94	0.00512173981561737	0.000830205302532049	0	0	0	0	0	0	0	0	0	0	0	2.78322052012825e-06	0	0	0	0	0	0	0	0	0	0	0	0	0	0	0	0	0	0	0	0	0	0	0	0	0
RG95	0.00545841362167893	0.000665396457688024	3.22487019897449e-06	0	0	0	0	0	0	0	0	0	0	0	0	0	0	0	0	0	0	0	0	0	0	0	0	4.29160604773124e-06	0	0	0	0	0	0	0	0	0	0	0
RG96	0.00263608426873733	0.000759352901944898	0.000367635202683092	9.89641749686613e-05	0	0	0	0	0	0	0	0	0	0.000299196205913787	0.000152862607088749	0	0	0	0	0	0	0	0	0	0	0	0	0.000497826301536824	0.00010825049163765	6.21695300916068e-06	0	0	0	0	0	0	0	0	0
RG97	0.00614966941497554	0.000172510192733932	3.22487019897449e-06	0	0	0	0	0	0	0	0	0	0	0	0	0	0	0	0	0	0	0	0	0	0	0	0	2.14580302386562e-06	1.80417486062749e-05	0	0	0	0	0	0	0	0	0	0
RG98	0	0	0	0	0	0.000200269327716584	5.27973347905398e-05	0.00401916873182722	0.000109681948157859	0.000684931506849315	0.000651147647729123	0.000343067884557657	0.000277405037159372	1.39161026006413e-06	0	0	0.000230277756843436	1.51769825882067e-05	2.33268795633208e-05	0.00112355994429675	6.35081925568398e-05	3.20738159630099e-05	0	3.02783590475101e-05	0	2.56653089718221e-06	0	2.14580302386562e-06	0	0	0.000293284500271825	4.68815927239768e-05	5.43312450631705e-05	0.00298399633766011	5.73381924640751e-05	0.000337201516443391	8.09086665629376e-05	0.00014115980725705	0.000406644151905714
RG99	0.00561958725224031	0.000117060487926597	0	0	0	0	0	0	0	0	0	0	0	1.39161026006413e-06	0	0	0	0	0	0	0	0	0	0	0	0	0	0	0	0	0	0	0	0	0	0	0	0	0
RG100	0	0	0	0	0	0.000359103622112496	0.00054381254834256	0.000212199983327144	0.000232267654922526	0.0063600782778865	0.00162786911932281	9.26283288305674e-05	0.000470943435177539	0	0	0	0.00143190896073555	9.4856141176292e-05	0.000289253306585178	0.000215217116090644	7.93852406960498e-05	4.61862949867343e-05	0.00124047492468545	4.70996696294602e-05	0.000141436714142257	6.67298033267373e-05	0.000630446040573706	0	0	0	0.000751094451915649	0.000381303620821678	0.00020896632716604	0.000231280579107495	0.000234412022132542	0.000698488855489882	9.33561537264665e-05	6.69910949694473e-05	0.000609966227858571
RG101	0	0	0	0	0	0.000428162010980284	0.000372221210273305	0.000102310706247016	0.000197427506684147	0.00322896281800391	0.000813934559661403	5.14601826836485e-05	3.22563996696945e-06	0	0	0	0.00296011589251472	4.55309477646202e-05	0.000121299773729268	0.000199392328142803	0	6.28646792874994e-05	0	0.000137934746771991	0.000162652221263596	0	2.25159300204895e-05	0	0	0	0.000500729634610432	0.000290665874888656	0.000117021143212983	0.000240817922575846	0.000212488595602161	0	6.22374358176443e-05	1.19626955302584e-05	5.51381900889103e-05
RG102	0	3.08053915596308e-06	3.22487019897449e-06	0	3.73273609555804e-06	8.28700666413453e-05	1.84790671766889e-05	0.000531763053456712	9.03263102476489e-06	0	0	0	0	0	0	0	0.000142353522412306	7.96791585880853e-05	9.79728941659474e-05	0.00329313837194582	0.000254032770227359	1.2829526385204e-05	0	2.01855726983401e-05	0	0	0	4.29160604773124e-06	0	0	4.64963232138259e-05	4.06307136941132e-05	6.68692246931329e-05	0.000699802576990205	3.37283485082795e-06	0	0	0	0
RG103	0.00313035006912558	0.000857930154935717	6.44974039794898e-06	0	0	0	0	0	0	0	0	0	0	1.1132882080513e-05	0	0	0	0	0	0	0	0	0	0	0	0	0	2.14580302386562e-06	0	0	0	0	0	0	0	0	0	0	0
RG104	0.00335241151567682	0.000686960231779766	0	0	0	0	0	0	0	0	0	0	0	1.39161026006413e-06	0	0	0	0	0	0	0	0	0	0	0	0	0	2.14580302386562e-06	0	0	0	0	0	0	0	0	0	0	0
RG106	0	0	3.22487019897449e-06	0.000208924369378285	0.000253826054497947	0	0	3.78928541655615e-06	0	0	0	0	0	9.74127182044888e-06	0.000281946586408136	0.00022947920459448	0	0	0	0	0	0	0	0	0	0	0	2.36038332625218e-05	0.00307311117926883	0.000226918784834365	0	0	0	4.76867173417516e-06	0	0	0	0	0
RG107	0.00455584129053517	0.000123221566238523	0	0	0	0	0	0	0	0	0	0	0	0	0	0	0	0	0	0	0	0	0	0	0	0	0	0	0	0	0	0	0	0	0	0	0	0	0
RG108	0	1.23221566238523e-05	6.44974039794898e-06	3.66533981365412e-06	3.73273609555804e-06	0.000220986844376921	4.48777345719588e-05	0.000218515459021404	2.5807517213614e-06	0	0.000162786911932281	6.68982374887431e-05	9.67691990090834e-06	1.1132882080513e-05	1.35877872967777e-05	9.17916818377919e-06	0.000213530283618459	6.07079303528269e-05	0.000186615036506567	0.00282155969110014	0.00011113933697447	0.000628646792874994	0.000218907339650374	0.00204210710464874	0.000452597485255223	0.000408078412651971	0.000337738950307342	1.07290151193281e-05	0	1.24339060183214e-05	0.000100145926922086	4.3756153209045e-05	1.25379796299624e-05	0.000107295114018941	1.68641742541397e-06	0	3.11187179088222e-06	3.34955474847236e-05	1.37845475222276e-05
RG109	0.00142549122140959	0.00138624262018338	0	0	0	0	0	0	0	0	0	0	0	1.39161026006413e-06	0	0	0	0	0	0	0	0	0	0	0	0	0	1.07290151193281e-05	0	0	0	0	0	0	0	0	0	0	0
RG110	0.00419767766706542	0.000146325609908246	3.22487019897449e-06	0	0	0	0	0	0	0	0	0	0	0	0	0	0	0	0	0	0	0	0	0	0	0	0	2.14580302386562e-06	0	0	0	0	0	0	0	0	0	0	0
RG111	0	1.54026957798154e-06	3.22487019897449e-06	3.29880583228871e-05	3.35946248600224e-05	0.000807983149753116	0.000522693614426344	0.000119994038190945	0.000198717882544828	0.000684931506849315	0.00130229529545825	4.8029503838072e-05	9.99948389760528e-05	2.78322052012825e-06	3.05725214177497e-05	3.36569500071904e-05	0.000762010031736462	9.86503868233437e-05	0.000247264923371201	0.000142423091530573	0.000301663914644989	4.74692476252547e-05	0.000375269725114926	7.40137665605803e-05	0.000480884828083674	6.15967415323729e-05	6.75477900614685e-05	8.58321209546248e-06	3.00695810104582e-05	6.21695300916068e-06	0.000643795244499127	0.000300042193433452	0.000171352388276153	0.000107295114018941	0.000232725604707128	0.000163783593701076	8.40205383538198e-05	3.8280625696827e-05	0.000372182783100145
RG112	0.0030945337067786	0.000577601091743077	3.22487019897449e-06	0	0	0	0	0	0	0	0	0	0	0	0	0	0	0	0	0	0	0	0	0	0	0	0	0	0	0	0	0	0	0	0	0	0	0	0
RG113	0.00250714536428822	0.0006007051354128	5.80476635815408e-05	0	0	0	0	0	0	0	0	0	0	0.000100195938724617	0	0	0	0	0	0	0	0	0	0	0	0	0	3.43328483818499e-05	0	0	0	0	0	0	0	0	0	0	0
RG114	0	0	0	0	0	0.000220986844376921	0.000131993336976349	0.00113173324441144	5.67765378699508e-05	0	0	9.94896865217205e-05	3.87076796036334e-05	1.39161026006413e-06	0	0	0.000192595942087238	6.07079303528269e-05	2.33268795633208e-05	0.000840296240030384	0	6.41476319260198e-06	0	2.35498348147301e-05	7.07183570711285e-06	5.13306179436441e-06	0	0	0	0	0.000182408652608086	0.000106264943507681	0.000121200469756303	0.00196111625067954	4.89061053370052e-05	2.40858226030994e-05	0.000227166640734402	2.87104692726203e-05	4.47997794472396e-05
RG115	0	3.08053915596308e-06	3.22487019897449e-06	0	0	0	7.91960021858097e-05	0	0.000860680699074026	0.000195694716242661	0.000488360735796842	0.000358505939362751	0.000277405037159372	8.34966156038475e-06	0	3.0597227279264e-06	0	3.41482108234651e-05	3.73230073013133e-05	0	1.587704813921e-05	5.77328687334178e-05	1.04241590309702e-05	0	2.82873428284514e-05	7.69959269154662e-06	2.25159300204895e-05	2.14580302386562e-06	3.00695810104582e-06	6.21695300916068e-06	0	0.000128143020112203	0.000188069694449436	0	0.00101859612495004	0.000274578377675333	0.000121362999844406	0.000389983874286425	0.000210214349713971
RG117	0	0	0	3.66533981365412e-06	0	7.59642277545665e-05	3.69581343533778e-05	0.000457240440264442	3.8711275820421e-06	0	0	0	0	0	3.39694682419441e-06	0	8.79242344311302e-05	5.31194390587235e-05	9.79728941659474e-05	0.00193378908722623	0.00012701638511368	2.05272422163263e-05	1.04241590309702e-05	1.345704846556e-05	7.07183570711285e-06	0	2.25159300204895e-05	0	0	0	4.64963232138259e-05	4.3756153209045e-05	2.92552858032457e-05	0.000548397249430144	0	0	0	0	0
RG119	0.00403292240026934	2.77248524036677e-05	0	0	0	0	0	0	0	0	0	0	0	0	0	0	0	0	0	0	0	0	0	0	0	0	0	0	0	0	0	0	0	0	0	0	0	0	0
RG120	0.00381444258995279	6.62315918532061e-05	0	0	0	0	0	0	0	0	0	0	0	0	0	0	0	0	0	0	0	0	0	0	0	0	0	0	0	0	0	0	0	0	0	0	0	0	0
RG121	0.00303364589078875	0.000341939846311902	0	0	0	0	0	0	0	0	0	0	0	2.78322052012825e-06	0	0	0	0	0	0	0	0	0	0	0	0	0	4.29160604773124e-06	0	0	0	0	0	0	0	0	0	0	0
RG122	0.00365685059562611	5.54497048073354e-05	0	0	0	0	0	0	0	0	0	0	0	0	0	0	0	0	0	0	0	0	0	0	0	0	0	0	0	0	0	0	0	0	0	0	0	0	0
RG123	0.00378937113630991	2.15637740917415e-05	0	0	0	0	0	0	0	0	0	0	0	0	0	0	0	0	0	0	0	0	0	0	0	0	0	0	0	0	0	0	0	0	0	0	0	0	0
RG124	0.00322705424746241	0.000157107496954117	0	0	0	0	0	0	0	0	0	0	0	0	0	0	0	0	0	0	0	0	0	0	0	0	0	0	0	0	0	0	0	0	0	0	0	0	0
RG125	0.00335241151567682	0.000134003453284394	6.44974039794898e-06	0	0	0	0	0	0	0	0	0	0	0	0	0	0	0	0	0	0	0	0	0	0	0	0	0	0	0	0	0	0	0	0	0	0	0	0
RG126	0.00260384954262505	0.000388147933651348	0	0	0	0	0	0	0	0	0	0	0	2.78322052012825e-06	0	0	0	0	0	0	0	0	0	0	0	0	0	2.14580302386562e-06	0	0	0	0	0	0	0	0	0	0	0
RG127	0	1.54026957798154e-06	3.22487019897449e-06	0	0	0.000172645972169469	6.07169350091207e-05	0.000269039264575486	0	0	0	1.71533942278828e-06	0	6.95805130032063e-06	3.39694682419441e-06	3.0597227279264e-06	0.000196782810393482	0.000185918036705532	0.000321910937973827	0.00390555766552728	0.000762098310682078	0.00077746929894336	0.000687994496044032	0.00190417235787675	0.000869835791974881	0.000433743721623793	0.000743025690676153	6.43740907159686e-06	0	3.10847650458034e-06	8.22627256859996e-05	7.50105483583629e-05	1.67173061732832e-05	7.9875251547434e-05	0	0	0	0	0
RG128	0.00330943188086045	6.46913222752246e-05	0	0	0	0	0	0	0	0	0	0	0	1.39161026006413e-06	0	0	0	0	0	0	0	0	0	0	0	0	0	0	0	0	0	0	0	0	0	0	0	0	0
RG129	0.000934807057256037	0.00109359140036689	0	0	0	0	0	0	0	0	0	0	0	0	0	0	0	0	0	0	0	0	0	0	0	0	0	2.14580302386562e-06	0	0	0	0	0	0	0	0	0	0	0
RG130	0.000999276509480591	0.00104584304344946	0	0	0	0	0	0	0	0	0	0	0	0	0	0	0	0	0	0	0	0	0	0	0	0	0	6.43740907159686e-06	0	0	0	0	0	0	0	0	0	0	0
RG131	0.00268980881225779	0.000317295533064197	0	0	0	0	0	0	0	0	0	0	0	0	0	0	0	0	0	0	0	0	0	0	0	0	0	0	0	0	0	0	0	0	0	0	0	0	0
RG133	0.00191617538556314	0.000238741784587138	7.73968847753878e-05	0	0	0	0	0	0	0	0	0	0	5.5664410402565e-05	0	0	0	0	0	0	0	0	0	0	0	0	0	0.000261787968911606	0.000144333988850199	0	0	0	0	0	0	0	0	0	0
RG134	0.00227792064526758	0.000312674724330252	0.000170918120545648	1.46613592546165e-05	0	0	0	0	0	0	0	0	0	4.31399180619879e-05	0	0	0	0	0	0	0	0	0	0	0	0	0	1.07290151193281e-05	0	0	0	0	0	0	0	0	0	0	0
RG135	0.00311960516042149	8.31745572110031e-05	3.22487019897449e-06	0	0	0	0	0	0	0	0	0	0	1.39161026006413e-06	0	0	0	0	0	0	0	0	0	0	0	0	0	0	0	0	0	0	0	0	0	0	0	0	0
RG136	0	0	6.44974039794898e-06	0	3.73273609555804e-06	1.38116777735575e-05	1.84790671766889e-05	0.000108626181941276	0	0	0	0	0	2.78322052012825e-06	0	0	2.93080781437101e-05	5.31194390587235e-05	9.33075182532833e-05	0.00190530446892012	0.000523942588593929	0.000147539553429846	0.000156362385464553	0.000275869493543981	0.00034651994964853	8.46955196070128e-05	0.000157611510143426	0	0	6.21695300916068e-06	1.07299207416521e-05	1.87526370895907e-05	1.25379796299624e-05	4.5302381474664e-05	0	0	0	0	0
RG137	0.00162964448678734	0.000637671605284357	2.90238317907704e-05	0	0	0	0	0	0	0	0	0	0	0	0	0	0	0	0	0	0	0	0	0	0	0	0	0	0	0	0	0	0	0	0	0	0	0	0
RG138	0.00305155407196224	2.15637740917415e-05	3.22487019897449e-06	0	0	0	0	0	0	0	0	0	0	0	0	0	0	0	0	0	0	0	0	0	0	0	0	0	0	0	0	0	0	0	0	0	0	0	0
RG139	0.00282949262541099	0.000134003453284394	0	0	0	0	0	0	0	0	0	0	0	1.39161026006413e-06	0	0	0	0	0	0	0	0	0	0	0	0	0	0	0	0	0	0	0	0	0	0	0	0	0
RG140	0.00283307426164569	0.000134003453284394	0	0	0	0	0	0	0	0	0	0	0	0	0	0	0	0	0	0	0	0	0	0	0	0	0	2.14580302386562e-06	0	0	0	0	0	0	0	0	0	0	0
RG141	0.00158666485197097	0.000589923248366929	3.22487019897449e-06	0	0	0	0	0	0	0	0	0	0	0	0	0	0	0	0	0	0	0	0	0	0	0	0	4.29160604773124e-06	0	0	0	0	0	0	0	0	0	0	0
RG143	0	0	0	0	0	2.76233555471151e-05	2.11189339162159e-05	0.000165465463189618	2.5807517213614e-06	0	0	0	0	1.39161026006413e-06	0	0	5.02424196749316e-05	6.07079303528269e-05	2.33268795633208e-05	0.00164577794657552	0	2.56590527704079e-06	0	1.009278634917e-05	0	0	0	0	0	0	7.15328049443475e-06	3.43798346642497e-05	1.25379796299624e-05	0.000419643112607414	0	0	0	0	0
RG144	0.00262533936003324	0.000117060487926597	0	0	0	0	0	0	0	0	0	0	0	0	0	0	0	0	0	0	0	0	0	0	0	0	0	0	0	0	0	0	0	0	0	0	0	0	0
RG145	0.00274711499201295	4.46678177614646e-05	0	0	0	0	0	0	0	0	0	0	0	0	0	0	0	0	0	0	0	0	0	0	0	0	0	0	0	0	0	0	0	0	0	0	0	0	0
RG146	0.00173709357382827	0.000218718280073378	0	0	0	0	0	0	0	0	0	0	0	0.000193433826148913	6.79389364838883e-05	0	0	0	0	0	0	0	0	0	0	0	0	0	0	0	0	0	0	0	0	0	0	0	0
RG148	0.00216688992199196	0.000244902862899065	0	0	0	0	0	0	0	0	0	0	0	0	0	0	0	0	0	0	0	0	0	0	0	0	0	0	0	0	0	0	0	0	0	0	0	0	0
RG149	0.00271129862966598	0	0	0	0	0	0	0	0	0	0	0	0	0	0	0	0	0	0	0	0	0	0	0	0	0	0	0	0	0	0	0	0	0	0	0	0	0	0
RG150	0.0025393800904005	6.46913222752246e-05	0	0	0	0	0	0	0	0	0	0	0	0	0	0	0	0	0	0	0	0	0	0	0	0	0	0	0	0	0	0	0	0	0	0	0	0	0
RG151	0.00162248121431795	0.000331157959266031	6.44974039794898e-06	0	0	0	5.27973347905398e-06	0	0	0	0	0	0	2.78322052012825e-05	0	0	0	3.79424564705168e-06	0	0	0	0	0	0	0	0	0	7.51031058352967e-05	1.80417486062749e-05	0	0	0	0	0	1.68641742541397e-06	0	0	0	0
RG152	0.00238536973230851	4.77483569174277e-05	0	0	0	0	0	0	0	0	0	0	0	0	0	0	0	0	0	0	0	0	0	0	0	0	0	0	0	0	0	0	0	0	0	0	0	0	0
RG153	0.00226359410032879	0.000123221566238523	0	0	0	0	0	0	0	0	0	0	0	0	0	0	0	0	0	0	0	0	0	0	0	0	0	0	0	0	0	0	0	0	0	0	0	0	0
RG155	0.00193408356673663	0.000214097471339434	0	0	0	0	0	0	0	0	0	0	0	0	0	0	0	0	0	0	0	0	0	0	0	0	0	0	0	0	0	0	0	0	0	0	0	0	0
RG156	0.00136460340541973	0.000451298986348591	0	0	0	0	0	0	0	0	0	0	0	0	0	0	0	0	0	0	0	0	0	0	0	0	0	0	0	0	0	0	0	0	0	0	0	0	0
RG157	1.07449087040924e-05	0	0	0	3.73273609555804e-06	6.90583888677877e-06	3.43182676138509e-05	0.000167991653467322	0	0	0	0	0	0	0	0	2.09343415312215e-05	4.17367021175685e-05	6.53152627772983e-05	0.00164261298898595	0	2.56590527704079e-06	0	3.36426211639001e-06	0	0	0	0	0	0	1.43065609888695e-05	1.56271975746589e-05	4.17932654332081e-06	0.000448255143012465	1.68641742541397e-06	0	0	0	0
RG158	0.00179439975358343	0.000170969923155951	5.15979231835919e-05	0	0	0	0	0	0	0	0	0	0	1.66993231207695e-05	0	0	0	0	0	0	0	0	0	0	0	0	0	2.14580302386562e-05	0	0	0	0	0	0	0	0	0	0	0
RG159	0.00236029827866563	1.07818870458708e-05	0	0	0	0	0	0	0	0	0	0	0	1.39161026006413e-06	0	0	0	0	0	0	0	0	0	0	0	0	0	0	0	0	0	0	0	0	0	0	0	0	0
RG160	0.00204511429001225	0.000118600757504578	0	0	0	0	0	0	0	0	0	0	0	0	0	0	0	0	0	0	0	0	0	0	0	0	0	0	0	0	0	0	0	0	0	0	0	0	0
RG161	0.00193050193050193	8.62550963669661e-05	5.48227933825664e-05	0	0	0	0	0	0	0	0	0	0	2.36573744210901e-05	0	0	0	0	0	0	0	0	0	0	0	0	0	1.7166424190925e-05	0	0	0	0	0	0	0	0	0	0	0
RG162	0.00180872629852222	0.000134003453284394	0	0	0	0	0	0	0	0	0	0	0	8.62798361239758e-05	0	0	0	0	0	0	0	0	0	0	0	0	0	0	0	0	0	0	0	0	0	0	0	0	0
RG163	0.00203795101754285	9.39564442568738e-05	0	0	0	0	0	0	0	0	0	0	0	0	0	0	0	0	0	0	0	0	0	0	0	0	0	0	0	0	0	0	0	0	0	0	0	0	0
RG164	0	0	1.2899480795898e-05	0.000179601650869052	0.000182904068682344	0	0	1.26309513885205e-06	0	0	0	0	0	0	0.000183435128506498	0.000162165304580099	0	0	0	1.58247879478415e-06	0	0	0	0	0	0	0	0	0.00119676932421624	0.000192725543283981	0	0	0	1.19216793354379e-06	0	0	0	0	0
RG166	0.00203795101754285	8.16342876330215e-05	0	0	0	0	0	0	0	0	0	0	0	1.39161026006413e-06	0	0	0	0	0	0	0	0	0	0	0	0	0	0	0	0	0	0	0	0	0	0	0	0	0
RG167	0.00181947120722631	0.000143245070752283	0	0	0	0	0	0	0	0	0	0	0	0	0	0	0	0	0	0	0	0	0	0	0	0	0	0	0	0	0	0	0	0	0	0	0	0	0
RG168	0.00157950157950158	0.000252604210788972	0	0	0	0	0	0	0	0	0	0	0	0	0	0	0	0	0	0	0	0	0	0	0	0	0	0	0	0	0	0	0	0	0	0	0	0	0
RG170	0.00208451228859392	1.84832349357785e-05	0	0	0	0	0	0	0	0	0	0	0	0	0	0	0	0	0	0	0	0	0	0	0	0	0	0	0	0	0	0	0	0	0	0	0	0	0
RG171	0.00205585919871634	1.69429653577969e-05	0	0	0	0	0	0	0	0	0	0	0	0	0	0	0	0	0	0	0	0	0	0	0	0	0	4.29160604773124e-06	0	0	0	0	0	0	0	0	0	0	0
RG173	0.00206302247118574	1.23221566238523e-05	0	0	0	0	0	0	0	0	0	0	0	0	0	0	0	0	0	0	0	0	0	0	0	0	0	0	0	0	0	0	0	0	0	0	0	0	0
RG174	0.0016905323027772	0.000146325609908246	6.44974039794898e-06	0	0	0	0	0	0	0	0	0	0	0	0	0	0	0	0	0	0	0	0	0	0	0	0	0	0	0	0	0	0	0	0	0	0	0	0
RG176	0.00180514466228752	9.08759051009108e-05	0	0	0	0	0	0	0	0	0	0	0	0	0	0	0	0	0	0	0	0	0	0	0	0	0	0	0	0	0	0	0	0	0	0	0	0	0
RG179	0.00135027686048094	0.000234120975853194	0	0	0	0	0	0	0	0	0	0	0	0	0	0	0	0	0	0	0	0	0	0	0	0	0	1.07290151193281e-05	2.10487067073207e-05	0	0	0	0	0	0	0	0	0	0
RG180	0.00184454266086919	3.08053915596308e-06	0	0	0	0	0	0	0	0	0	0	0	9.74127182044888e-06	0	0	0	0	0	0	0	0	0	0	0	0	0	0	0	0	0	0	0	0	0	0	0	0	0
RG181	0.00178007320864464	5.23691656513723e-05	0	0	0	0	0	0	0	0	0	0	0	0	0	0	0	0	0	0	0	0	0	0	0	0	0	0	0	0	0	0	0	0	0	0	0	0	0
RG182	0.00188394065945086	2.002350451376e-05	0	0	0	0	0	0	0	0	0	0	0	0	0	0	0	0	0	0	0	0	0	0	0	0	0	0	0	0	0	0	0	0	0	0	0	0	0
RG183	0.00131446049813397	0.000232580706275212	0	0	0	0	0	0	0	0	0	0	0	0	0	0	0	0	0	0	0	0	0	0	0	0	0	4.29160604773124e-06	0	0	0	0	0	0	0	0	0	0	0
RG184	0.00149354230986884	0.000152486688220172	0	0	0	0	0	0	0	0	0	0	0	0	0	0	0	0	0	0	0	0	0	0	0	0	0	0	0	0	0	0	0	0	0	0	0	0	0
RG185	0.00177649157240994	1.23221566238523e-05	3.22487019897449e-06	0	0	0	0	0	0	0	0	0	0	0	0	0	0	0	0	0	0	0	0	0	0	0	0	0	0	0	0	0	0	0	0	0	0	0	0
RG186	0.00178365484487933	0	0	0	0	0	0	0	0	0	0	0	0	0	0	0	0	0	0	0	0	0	0	0	0	0	0	0	0	0	0	0	0	0	0	0	0	0	0
RG187	0.00170844048395069	4.004700902752e-05	0	0	0	0	0	0	0	0	0	0	0	0	0	0	0	0	0	0	0	0	0	0	0	0	0	0	0	0	0	0	0	0	0	0	0	0	0
RG189	0.00148637903739945	0.000109359140036689	0	0	0	0	0	0	0	0	0	0	0	6.95805130032063e-06	0	0	0	0	0	0	0	0	0	0	0	0	0	0	0	0	0	0	0	0	0	0	0	0	0
RG192	0.00160815466937916	2.77248524036677e-05	0	0	0	0	0	0	0	0	0	0	0	1.25244923405771e-05	0	0	0	0	0	0	0	0	0	0	0	0	0	0	0	0	0	0	0	0	1.68641742541397e-06	0	0	0	0
RG193	0.00166904248536902	1.38624262018338e-05	0	0	0	0	0	0	0	0	0	0	0	0	0	0	0	0	0	0	0	0	0	0	0	0	0	0	0	0	0	0	0	0	0	0	0	0	0
RG196	0.00155801176209339	4.92886264954092e-05	0	0	0	0	0	0	0	0	0	0	0	0	0	0	0	0	0	0	0	0	0	0	0	0	0	0	0	0	0	0	0	0	0	0	0	0	0
RG197	0.00142549122140959	0.000112439679192652	0	0	0	0	0	0	0	0	0	0	0	0	0	0	0	0	0	0	0	0	0	0	0	0	0	0	0	0	0	0	0	0	0	0	0	0	0
RG199	0.00159740976067507	1.69429653577969e-05	0	0	0	0	0	0	0	0	0	0	0	0	0	0	0	0	0	0	0	0	0	0	0	0	0	0	0	0	0	0	0	0	0	0	0	0	0
RG201	0.00152935867221582	4.31275481834831e-05	0	0	0	0	0	0	0	0	0	0	0	0	0	0	0	0	0	0	0	0	0	0	0	0	0	0	0	0	0	0	0	0	0	0	0	0	0
RG204	0.00156517503456279	6.16107831192615e-06	0	0	0	0	0	0	0	0	0	0	0	0	0	0	0	0	0	0	0	0	0	0	0	0	0	0	0	0	0	0	0	0	0	0	0	0	0
RG205	0.00148279740116475	1.84832349357785e-05	0	0	0	0	0	0	0	0	0	0	0	0	0	0	0	0	0	0	0	0	0	0	0	0	0	0	0	0	0	0	0	0	0	0	0	0	0
RG210	0.00150428721857293	9.24161746788923e-06	0	0	0	0	0	0	0	0	0	0	0	0	0	0	0	0	0	0	0	0	0	0	0	0	0	4.29160604773124e-06	0	0	0	0	0	0	0	0	0	0	0
RG211	0.00147563412869535	1.23221566238523e-05	0	0	0	0	0	0	0	0	0	0	0	1.39161026006413e-06	0	0	0	0	0	0	0	0	0	0	0	0	0	0	0	0	0	0	0	0	0	0	0	0	0
RG212	0.00150070558233824	0	0	0	0	0	0	0	0	0	0	0	0	0	0	0	0	0	0	0	0	0	0	0	0	0	0	0	0	0	0	0	0	0	0	0	0	0	0
RG213	0.00145772594752187	0	0	0	0	0	0	0	0	0	0	0	0	0	0	0	0	0	0	0	0	0	0	0	0	0	0	0	0	0	0	0	0	0	0	0	0	0	0
RG214	0.00143623613011368	0	0	0	0	0	0	0	0	0	0	0	0	1.39161026006413e-06	0	0	0	0	0	0	0	0	0	0	0	0	0	0	0	0	0	0	0	0	0	0	0	0	0
RG216	0.00137176667788913	1.54026957798154e-05	0	0	0	0	0	0	0	0	0	0	0	0	0	0	0	0	0	0	0	0	0	0	0	0	0	1.07290151193281e-05	0	0	0	0	0	0	0	0	0	0	0
RG218	0.00138609322282792	0	0	0	0	0	0	0	0	0	0	0	0	0	0	0	0	0	0	0	0	0	0	0	0	0	0	0	0	0	0	0	0	0	0	0	0	0	0
RG220	0.00136102176918503	0	0	0	0	0	0	0	0	0	0	0	0	0	0	0	0	0	0	0	0	0	0	0	0	0	0	0	0	0	0	0	0	0	0	0	0	0	0
RG223	0.00129297068072578	2.002350451376e-05	0	0	0	0	0	0	0	0	0	0	0	0	0	0	0	0	0	0	0	0	0	0	0	0	0	2.14580302386562e-06	0	0	0	0	0	0	0	0	0	0	0
RG225	0.00128938904449109	0	0	0	0	0	0	0	0	0	0	0	0	0	0	0	0	0	0	0	0	0	0	0	0	0	0	0	0	0	0	0	0	0	0	0	0	0	0
RG227	0.00127864413578699	0	0	0	0	0	0	0	0	0	0	0	0	0	0	0	0	0	0	0	0	0	0	0	0	0	0	0	0	0	0	0	0	0	0	0	0	0	0
RG228	0.0012750624995523	0	0	0	0	0	0	0	0	0	0	0	0	0	0	0	0	0	0	0	0	0	0	0	0	0	0	0	0	0	0	0	0	0	0	0	0	0	0
RG230	0.00125357268214411	0	0	0	0	0	0	0	0	0	0	0	0	0	0	0	0	0	0	0	0	0	0	0	0	0	0	0	0	0	0	0	0	0	0	0	0	0	0
RG232	0.00121775631979714	1.54026957798154e-05	0	0	0	0	0	0	0	0	0	0	0	0	0	0	0	0	0	0	0	0	0	0	0	0	0	0	0	0	0	0	0	0	0	0	0	0	0
RG233	0.00119268486615425	4.62080873394461e-05	0	0	0	0	0	0	0	0	0	0	0	1.39161026006413e-06	0	0	0	0	0	0	0	0	0	0	0	0	0	0	0	0	0	0	0	0	0	0	0	0	0
RG234	0.00122491959226653	0	0	0	0	0	0	0	0	0	0	0	0	0	0	0	0	0	0	0	0	0	0	0	0	0	0	0	0	0	0	0	0	0	0	0	0	0	0
RG240	0.00119984813862365	0	0	0	0	0	0	0	0	0	0	0	0	0	0	0	0	0	0	0	0	0	0	0	0	0	0	0	0	0	0	0	0	0	0	0	0	0	0
RG291	3.58163623469746e-06	7.70134788990769e-06	0	7.33067962730825e-06	2.23964165733483e-05	0	0.000182150805027362	1.13678562496684e-05	1.67748861888491e-05	0.00342465753424658	0	3.77374673013423e-05	0.00023547171758877	5.5664410402565e-06	2.71755745935553e-05	2.75375045513376e-05	6.28030245936644e-05	3.79424564705168e-06	6.99806386899625e-05	1.89897455374098e-05	0	4.61862949867343e-05	0.000677570337013062	0	0.000183867728384934	1.53991853830932e-05	0.000135095580122937	4.29160604773124e-06	2.40556648083666e-05	3.41932415503837e-05	0	8.75123064180901e-05	2.92552858032457e-05	1.66903510696131e-05	2.36098439557956e-05	0.000187869416304175	4.66780768632332e-05	2.15328519544652e-05	0.000168860707147288
RG320	0	0	0	0	0	1.38116777735575e-05	2.63986673952699e-06	2.5261902777041e-05	0	0	0	0	0	0	0	0	0	1.1382736941155e-05	1.39961277379925e-05	0.0010286112166097	0	5.13181055408159e-06	0	5.71924559786302e-05	8.48620284853542e-05	0	0	0	0	0	0	3.12543951493179e-06	4.17932654332081e-06	2.8612030405051e-05	0	0	0	0	0
RG346	0	0	3.22487019897449e-06	0	0	3.45291944338939e-05	2.63986673952699e-06	7.8311898608827e-05	0	0	0	5.14601826836485e-06	0	0	0	0	2.93080781437101e-05	2.27654738823101e-05	3.73230073013133e-05	0.00169799974680339	0	5.00351529022955e-05	1.04241590309702e-05	0.000423897026665142	0.000190939564092047	1.53991853830932e-05	0	2.14580302386562e-06	0	0	3.93430427193911e-05	1.56271975746589e-05	4.17932654332081e-06	4.64945494082078e-05	0	0	3.11187179088222e-06	0	0
RG391	3.58163623469746e-06	1.54026957798154e-06	0	0	0	0.000103587583301682	0	1.13678562496684e-05	0	0	0	0	0	2.78322052012825e-06	0	0	0.000129792917493573	3.79424564705168e-06	0	0.000134510697556653	0	0.000144973648152805	0	0.00152064647660829	7.07183570711285e-06	0.000115493890373199	2.25159300204895e-05	2.14580302386562e-06	3.00695810104582e-06	0	4.29196829666085e-05	0	0	2.38433586708758e-06	0	0	0	0	0
RG439	0	0	0	0	0	0	0	0	0	0	0	0	0	0	0	0	0	0	0	0	0.00209577035437571	0	0	0	0	0	0	0	0	0	0	0	0	0	0	0	0	0	0
RG570	0	0	0	0	0	0	0	0	0	0	0	0	0	0	0	0	0	0	0	0	0.00123840975485838	0	0	0	0	0	0	0	0	0	0	0	0	0	0	0	0	0	0
RG1074	0	0	0	0	0	0	0	7.57857083311229e-06	2.83882689349754e-05	0.0012720156555773	0	5.48908615292251e-05	0.000590292113955409	0	6.79389364838883e-06	3.0597227279264e-06	0	0	0	0	0	3.84885791556119e-06	3.12724770929105e-05	0	0	0	0	0	0	6.21695300916068e-06	0	0	0	8.34517553480653e-06	1.68641742541397e-05	0.00118020530755187	0	2.87104692726203e-05	0.00075470397684196
RG1892	0	0	0	0	0	0	7.91960021858097e-06	0	1.2903758606807e-06	0.00107632093933464	0	1.71533942278828e-06	0.000132251238645747	0	0	0	0	0	0	0	0	0	1.04241590309702e-05	0	0	0	0	0	0	0	0	0	4.17932654332081e-06	2.38433586708758e-06	1.68641742541397e-06	7.22574678092981e-05	0	2.39253910605169e-06	0.000127507064580605
