D2C3_Parent1	D2C3_Parent2	D2C3_R1_T1	D2C3_R2_T1	D2C3_R3_T1	D2C3_R1_T2	D2C3_R2_T2	D2C3_R3_T2	D2C3_R1_T3	D2C3_R2_T3	D2C3_R3_T3	D2C3_R1_T4	D2C3_R2_T4	D2C3_R3_T4	D2C3_R1_T6	D2C3_R2_T6	D2C3_R2_T7	D2C3_R3_T7	D2C3_R1_T7	D2C3_R1_T8	D2C3_R2_T8	D2C3_R3_T8	D2C3_R3_T9_RESEQ	D2C3_R2_T10_RESEQ	D2C3_R3_T10_RESEQ	D2C3_R1_T12	D2C3_R2_T12	D2C3_R3_T12
RG0	0.0123461520916017	0.0463483919704755	0.174996809154874	0.197815383895475	0.187376554974185	0.294034195223885	0.282322390718466	0.339231091423712	0.405462986909028	0.321186559491541	0.431425854586239	0.717158131758488	0.565843960866481	0.714204545454545	0.578289383493493	0.5270596246206	0.713396325637415	0.843458415801591	0.818958393328909	0.89171622688838	0.741404998475615	0.881840411020784	0.922769555589307	0.785799411069961	0.967254305045408	0.995889255457739	0.646043396205268	0.976753047072166
RG1	0.02373979289266	0.116744438586413	0.350631787334925	0.331967391195355	0.300469524238539	0.222899851121926	0.434123730092853	0.17380722708061	0.100257385992783	0.184417546811228	0.0728694266998261	0.0223822236604374	0.058403312820682	0.0217672413793103	0.000826961601563709	0.00271284417625881	0.000132317766204685	0.000217110312234923	0.000165900810096786	9.0842091536594e-05	2.37006904442048e-05	9.03440033057019e-05	3.75014297420089e-06	0	0	0	0	1.49421216916275e-06
RG2	0.0190465763423202	0.067246874040966	0.0409079923202468	0.0544583081257959	0.0476887626043868	0.0883588028333567	0.103921736712365	0.0899735997055352	0.118138939175626	0.206179705268405	0.116846280131987	0.0786411563250007	0.17726395327735	0.0487950626959248	0.0627650588823194	0.317330329525451	0.172935927666288	0.0320060992850507	0.0198141910926916	0.0114739422390817	0.0861810969756842	0.0150133960903262	0.0170181488169236	0.0672566655443862	0.0101910144238511	0.000140320217113645	0.040382076972353	0.0135226201309229
RG3	0.0102951507686693	0.00691055311179484	0.00809524197468506	0.0104952487273675	0.0161272624369059	0.00398899771008165	0.00256751755759665	0.0344758653077284	0.00207715011719888	0.0129957628438795	0.0741210318427854	0.000761804600490791	0.0205978915414185	0.0792809561128527	0.000950784729070575	0.077357711504053	0.0863526098831193	0.0826533909601325	0.000347452640014023	6.15381910409185e-05	0.120860593616111	0.0420025562909788	0.036775777076501	0.138323740507378	0.0102012386670654	7.41464783611874e-05	0.309562873802345	0.00470975675720098
RG4	0.0368888280644131	0.0560839149833571	0.0272348815042323	0.0624500723637372	0.0453036025734318	0.0691782330909892	0.0480865930840109	0.0651566882861386	0.105203958900342	0.0747889210829673	0.0907698184359812	0.0671534126149449	0.045006846716051	0.0504604231974922	0.317111029545083	0.0162734431027114	0.00378971653463163	0.020908227975926	0.152193646938034	0.0508261502147243	0.00249288171308591	0.00828943256560678	0.0140742865821759	0.00185977907107242	0.00776786878206259	0.000520619896450058	0.000320725322040123	0.00330071468168051
RG5	0.0206322704256193	0.0199463334408763	0.115505877944064	0.0726712413472691	0.0980572207399194	0.100672955596948	0.0288615735871858	0.0747521799281607	0.0967065266027102	0.0233316197775493	0.041095723411518	0.0439082598495267	0.0148318017586986	0.0175352664576803	0.00837575012492869	0.00193050193050193	7.46407911923866e-05	0.000959324635456639	0.000441358758936732	9.52376766109453e-05	6.35609425549129e-05	0.000269550960682586	5.43770731259129e-05	0	0	0	0	0
RG6	0.0218475434514849	0.0528308716487909	0.0684443068533922	0.0677946273685336	0.0621845293784723	0.051429696836174	0.0178952628464737	0.0443156865980428	0.0312188273543429	0.00832632333239867	0.0378854374928886	0.0101461586171561	8.24905548314718e-06	0.0161442006269592	0.00114536392943851	0	0	0.000403926162297532	0.000131468566491793	1.75823402974053e-05	2.15460822220044e-06	1.62915415797167e-05	3.75014297420089e-06	0	2.5560608035744e-06	0	8.6216484419388e-07	0
RG7	0.0302960631358058	0.0482086228468457	0.0187730317916799	0.0275383293836882	0.0152840823775368	0.027028380300026	0.0214370989560574	0.0165255689390382	0.0402581248999397	0.0373594105368103	0.0189894507566522	0.0212327751260685	0.011994126672496	0.0063871473354232	0.015579602793096	0.0193303729889096	0.0036099000831227	1.00981540574383e-05	0.00336809946536116	0.0013816789083711	0.0019574615698691	4.44314770355911e-06	3.75014297420089e-06	0.000967298884666977	0	0	0.000129324726629082	0
RG8	0.0499156060398704	0.0604213060961119	0.0184933236657515	0.0115949101386108	0.0223384963673955	0.0161896559781556	0.000367982972424276	0.0162907586276924	0.0142814333156817	0.000510172290245194	0.0130808992051495	0.00466521047380201	0	0.00294866771159875	0.00373238284342123	0	0	4.03926162297532e-05	0.000532134673895351	0.000212453278593647	0	0	0	0	0	0	0	0
RG9	0.0472788650152822	0.0571556723664434	0.0182923683131428	0.0113575971896799	0.0221392517643254	0.0157623825832682	0.000397254345230753	0.0155768083567086	0.0127584635657196	0.000311555597096302	0.0115773475723737	0.00579443410727287	0	0.00295846394984326	0.00360855971591437	0	0	6.5638001373349e-05	0.000682384464171685	0.000224174838791917	0	0	0	0	0	0	0	0
RG10	0.03767711327038	0.0532148786994122	0.00633824044579501	0.0157161336038478	0.0107072317128106	0.00923644909104262	0.0049970415005342	0.0131747623338876	0.00646133257800602	0.00646088419478456	0.0133531639602737	0.00132473100881806	0.00200452048240476	0.00453565830721003	0.000185734691260298	4.34634580976044e-05	0	6.5638001373349e-05	4.06926515331739e-05	0	0	0	0	0	0	0	0	0
RG11	0.019809315268464	0.0411894775772932	0.0261730768708536	0.0191588425812964	0.0216599096757799	0.0183861082737487	0.00266996736241932	0.0103062688006905	0.0159727096956934	0.00378929494968377	0.00646120836787438	0.00628994417927352	0.00414102585253988	0.00371277429467085	0.00145934400275949	0.000115902554926945	6.78552647203515e-06	8.07852324595064e-05	0.000172161218024967	0.000191940548246674	1.07730411110022e-06	4.29504278010714e-05	0	0	0	0	0	0
RG12	0.00880981707038912	0.021143994774986	0.0287393310359248	0.0261445336132066	0.0251596844427504	0.0229759591953908	0.0083946115584288	0.0230494878596723	0.0163955287906963	0.00466943951148082	0.0197777994505941	0.00659668850955964	0.000593931994786597	0.00831700626959248	0.000862339637994242	1.81097742073352e-05	3.39276323601757e-06	0.000252453851435958	1.87812237845418e-05	2.19779253717566e-05	0	1.18483938761576e-05	0	0	2.5560608035744e-06	0	0	0
RG13	0.00175539437069477	0.00301539962700954	0.00106995147199796	0.00466604051700798	0.00280675006063966	0.00118167798273548	0.00662369350363697	0.00464226331755239	0.00166254110171057	0.0201109137925663	0.00807041498025065	0.000276406978939137	0.0316268787223863	0.00890478056426332	3.5378036430533e-05	0.0239882069150362	0.00803406334288962	0.0154703720159955	6.2604079281806e-06	1.46519502478377e-06	0.0125861439299839	0.00935875011293	0.00651024820321275	0.00301412470139323	0.000986639470179717	0	0.0011975469685853	4.1837940736557e-05
RG14	0.00260937001049222	0.000538239390624877	0.000105908902050559	0.00288117974617542	0.000695912309273826	2.00284403853472e-05	0.0145771436576253	0.00068539226014444	2.46302385438603e-05	0.0593162912421722	0.000386047040847841	0	0.0392242588223648	0	0	0.00941346063297283	0.00136049805764305	5.04907702871915e-06	0	4.39558507435132e-06	0.00029518132644146	2.96209846903941e-06	0	0	0	0	0	0
RG15	0.0216632452899047	0.023921750694439	0.00391048253725142	0.0020322010274648	0.00336694503159038	0.00161228945102045	1.6726498746558e-05	0.000942414357698605	6.97856758742708e-05	3.89444496370377e-06	0.000763966775572569	0	0	0	0	0	0	0	0	0	0	0	0	0	0	0	0	0
RG16	0.00802700606724146	0.00301067822884617	5.97434832080078e-05	0.0100139379577048	0.0027576608106079	0.000103480275324294	0.0170903000942956	0.00209742724053461	0.000114941113204681	0.0288889927407546	0.00158076104094537	0	0.0126293039446983	0.000186128526645768	0	0.000322353980890566	2.03565794161054e-05	0	0	0	1.07730411110022e-06	0	0	0	0	0	0	0
RG17	0.0152310569773277	0.00990864094553867	0.00823102261833962	0.00440533051677401	0.00828453284359587	0.00701663028166663	0.000209081234331975	0.00561958191072131	0.00360832994667553	0.000272611147459264	0.00321434957169097	0.00086629992179705	0	0.000303683385579937	5.74893091996162e-05	0	0	0	0	0	0	0	0	0	0	0	0	0
RG18	0.00899593996624242	0.0123983915770257	0.00311480796543568	0.00337586025943987	0.0141146031856036	0.0014654142215279	0.000194445547928737	0.0116833995456103	0.00119046152961991	0.000155777798548151	0.00780627753124949	0.000306744330286115	0	0.000705329153605016	0	0	0	0	0	0	0	0	0	0	0	0	0	0
RG19	0.018225445919438	0.0129539427609163	0.00109439198785578	0.00236978705340878	0.00520346050336695	0.0014019908269743	2.71805604631567e-05	0.00430591341211113	0.0019622090039942	0	0.00234066416345638	0.000202249008979856	0	0.000646551724137931	0	0	0	0	1.87812237845418e-05	0	0	0	0	0	0	0	0	0
RG20	0.0060471693809589	0.0108466253806627	0.00320985441599387	0.00326221743882507	0.0147469882301304	0.00142535734075721	8.78141184194295e-05	0.0111820477997639	0.000997524661026342	0.000179144468330374	0.00698541961281514	0.000593263759674244	0	0.000950235109717868	0	0	0	0	0	0	0	0	0	0	0	0	0	0
RG21	0.00816021166917568	0.00981263918288336	0.00632194676855646	0.00285444025897193	0.00950310128556083	0.00336143991134077	9.40865554493887e-05	0.0060447789609961	0.000455659413061415	2.72611147459264e-05	0.00174737081646917	0.000131461855836906	0	0.00021551724137931	0	0	0	0	0	0	0	0	0	0	0	0	0	0
RG22	0.0143807308060764	0.0136527096890959	0.00449705491783913	0.00450560359378708	0.000675699088672511	0.000917970184328413	2.5089748119837e-05	7.29815832561209e-05	0.000127256232476612	0	0	0	0	0	0	0	0	0	0	0	0	0	0	0	0	0	0	0
RG23	0.0143807308060764	0.0111125974771996	0.000868996119389204	0.00146398692439076	0.00388671356133846	0.00142535734075721	7.73600567028307e-05	0.00449947326335563	0.00135876815966963	3.89444496370377e-06	0.00217405438793258	0.000279777795755467	0	0.000362460815047022	0	3.62195484146704e-06	0	0	3.1302039640903e-06	0	0	0	0	0	0	7.97273960872983e-07	8.6216484419388e-07	0
RG24	0.00743944163131244	0.00853471407999622	0.00598521077229315	0.00404434743952698	0.00878697575568569	0.00295085688344115	6.48151826429123e-05	0.00547996496884004	0.000431029174517555	4.67333395644453e-05	0.0018286438777003	8.08996035919424e-05	0	0	0	0	0	0	0	0	0	0	0	0	0	0	0	0
RG25	0.011001322932348	0.0129413523658139	0.00464369801298606	0.00442538513217663	0.00220901625142936	0.000931322477918644	0	0.00056798710447155	5.33655168450306e-05	0	4.06365306155622e-05	3.03373513469784e-05	0	0	0	0	0	0	0	0	0	0	0	0	0	0	0	0
RG26	0.00774782172346152	0.013720383062771	0.00194166320426025	0.00109966141124329	0.00241981126627164	0.00235667981867585	4.1816246866395e-06	0.00157069059616434	0.00229061218457901	0	0.00211309959200923	0.00134158509289971	0	0.00148902821316614	0.00102596305648546	0	0	0	5.63436713536254e-05	2.05127303469728e-05	0	0	0	0	0	0	0	0
RG27	0.00666575429953013	0.00942233693471093	0.00359547144397283	0.0071895796218368	0.00433140441456738	0.00414254908636931	0.000512249024113339	0.00200858009570107	0.00164201590292402	0.00114496681932891	0.000577038734740983	9.10120540409352e-05	0	0.000137147335423197	0	0	0	0	0	0	0	0	0	0	0	0	0	0
RG28	0.00667487797089549	0.0127446274423399	0.00544480381054798	0.00274413987425756	0.00467214156184668	0.000714347707077383	3.97254345230752e-05	0.00192290606318301	6.15755963596507e-05	3.89444496370377e-06	0.000682693714341444	0	0	0	0	0	0	0	0	0	0	0	0	0	0	0	0	0
RG29	0.00585557228228639	0.00811608344284354	0.00508634291129994	0.0022494593609931	0.00747311641660025	0.00296754725042894	9.82681801360282e-05	0.00503255613235686	0.000562390446751477	0.000116833348911113	0.00186928040831586	6.40455195102877e-05	0	0.000617163009404389	0	0	0	0	0	0	0	0	0	0	0	0	0	0
RG30	0.0112275899822088	0.0147071552789166	0.00119486966416016	0.000768760257100169	0.00089804451528697	0.00011015642211941	0	1.90386738929011e-05	0	0	2.03182653077811e-05	0	0	0	0	0	0	0	0	0	0	0	0	0	0	0	0	0
RG31	0.0100396879704393	0.00705062125730833	0.0078970022349494	0.00286446756667324	0.00124455686845236	0.00287074312189976	0.000148447676375702	0.000628276238465737	0.00126845728500881	6.23111194192604e-05	0.000564847775556314	3.70789849796403e-05	0	9.79623824451411e-05	0	0	0	0	0	0	0	0	0	0	0	0	0	0
RG32	0.00782628529720359	0.00657533384219513	0.00262599764827925	0.0010261278214337	0.0031821384432355	0.00240341284624166	0.000125448740599185	0.00332859481894221	0.00237681801948252	0.000179144468330374	0.00338095934721477	0.000711242348245827	0	0.000724921630094044	0	0	0	0	0	0	0	0	0	0	0	0	0	0
RG33	0.0157839514620683	0.00748656368772673	0.000388332640852051	0.000190518846324825	0.00126188248611063	1.66903669877893e-05	0	0.00062193001383477	0	0	6.90821020464557e-05	0	0	0	0	0	0	0	0	0	0	0	0	0	0	0	0	0
RG34	0.0160686100086675	0.00698452168302106	0.00112154811658669	0.000364325513147472	0.000398489206140199	0.000150213302890104	0	0.000291926333024484	0	0	0.000105654979600462	0	0	0	0	0	0	0	0	0	0	0	0	0	0	0	0	0
RG35	0.0142493499384152	0.00775096198487579	0.000339451609136408	0.000441201538857489	0.00166614689813692	4.67330275658101e-05	0	0.000866259662127001	0	0	0.000215373612262479	0	0	0	0	0	0	0	0	0	0	0	0	0	0	0	0	0
RG36	0.00389398293873455	0.00592535469503702	0.00566476845326838	0.00336583295173857	0.00172389895699782	0.0040323926642499	0.00107885916915299	0.000580679553733484	0.00439239254032175	0.00140589463189706	0.000337283204109166	0.00097416605991964	0	0	0.000181312436706482	0	0	0	0	0	0	0	0	0	0	0	0	0
RG37	0.0133351580676064	0.00734020034466207	0.000461654188425515	0.000334243590043552	0.00151310394215554	2.67045871804629e-05	0	0.000771066292662495	0	0	0.000113782285723574	0	0	0	0	0	0	0	0	0	0	0	0	0	0	0	0	0
RG38	0.00800875872451074	0.00552088825237447	0.00247663894025923	0.000404434743952698	0.000967346985920048	0.00138863853338407	0	0.000272887659131583	0.000328403180584804	0	1.21909591846686e-05	0	0	0	0	0	0	0	0	0	0	0	0	0	0	0	0	0
RG39	0.00991743077414352	0.00635028052974087	0.000222680255593484	3.34243590043552e-06	0.000583295794495074	2.00284403853472e-05	0	0	0	0	0	0	0	0	0	0	0	0	0	0	0	0	0	0	0	0	0	0
RG40	0.0114812280461658	0.00346393245253028	0.00101835482740922	0.000250682692532664	0.000490892500317636	0.000590838991367742	4.1816246866395e-06	0.000237983423661264	0.000320193101070184	0	1.62546122462249e-05	2.02249008979856e-05	0	0	0	0	0	0	0	0	0	0	0	0	0	0	0	0
RG41	0.00949774189133707	0.00561216861686641	0.000293286190293856	0.000106957948813937	0.00116947919193319	4.67330275658101e-05	0	0.000364907916280605	0	0	7.31457551080119e-05	0	0	0	0	0	0	0	0	0	0	0	0	0	0	0	0	0
RG42	0.00811824278089503	0.0019168876543307	0.00215076539548828	8.02184616104525e-05	0.00162283285399124	0.00236669403886853	0	0.00194829096170688	0.00144086895481583	0	0.00118252304091286	0.00025281126122482	0	0.000303683385579937	7.51783274148826e-05	0	0	0	0	0	0	0	0	0	0	0	0	0
RG43	0.00601614889831668	0.00743462830792959	0.000442644898313876	0.00127346807806593	0	3.33807339755787e-05	0.000135902802315784	0	0	3.11555597096302e-05	0	0	0	0	0	0	0	0	0	0	0	0	0	0	0	0	0	0
RG44	0	3.14759877558408e-06	0	2.33970513030486e-05	2.02132206013144e-05	6.67614679511573e-06	0.000106631429509307	3.17311231548352e-06	4.10503975731005e-06	7.78888992740755e-06	4.06365306155622e-06	0.000849445837715395	0.000874399881213601	0.000803291536050157	0.000499714764581279	0.000478098039073649	0.000403738825086091	0.000434220624469847	0.000503962838218538	0.00726736732292752	0.00497822229739411	0.00638628429924896	0.000459392514339609	0.000438223804103271	0.000311839418036076	0.00034203052921451	0.000234508837620735	0.000185282308976181
RG45	0.00440855800374071	0.00516678339012126	0.00138767817814964	0.00161105410400992	0.00268835833997482	7.00995413487152e-05	8.363249373279e-06	0.000517217307423814	0	0	0.000349474163293835	0	0	0	0	0	0	0	0	0	0	0	0	0	0	0	0	0
RG46	0.00272250353542265	0.00178311470636838	0.00301161467625821	0	0.00055730736800767	0.00534425550949014	0	0.000222117862083846	0.00415840527415508	3.89444496370377e-06	0.000272264755124266	0.000701129897796834	0	0	2.65335273228998e-05	0	0	0	0	0	0	0	0	0	0	0	0	0
RG47	1.82473427307148e-06	0	0	0	8.66280882913476e-06	3.33807339755787e-06	4.80886838963543e-05	1.58655615774176e-05	1.23151192719301e-05	7.78888992740755e-06	2.03182653077811e-05	0.00075843378367446	0.000767162159932688	0.00102860501567398	0.000216690473137015	0.000191963606597753	0.000173030925036896	0.000181766773033889	0.000215984073522231	0.0053274491101138	0.0034753830624093	0.004998541166504	1.50005718968036e-05	1.06883854659334e-05	7.66818241072319e-06	6.93628345959495e-05	3.87974179887246e-05	6.87337597814864e-05
RG48	0.00457460882259021	0.0058309267317695	2.44405158578214e-05	0.00128349538576724	0.000323411529621031	6.67614679511573e-06	0.000140084427002423	0.000123751380303857	0	1.94722248185189e-05	2.03182653077811e-05	0	0	0	0	0	0	0	0	0	0	0	0	0	0	0	0	0
RG49	0.00453993887140185	0.00601506126014117	5.43122574618253e-06	0.000384380128550085	0.00071035032398905	0	4.1816246866395e-06	0.000269714546816099	0	0	0	0	0	0	0	0	0	0	0	0	0	0	0	0	0	0	0	0
RG50	0.00712558733634414	0.00302326862394851	0	0.00180491538623518	0.000285872691361447	0	1.25448740599185e-05	3.17311231548352e-05	0	0	0	0	0	0	0	0	0	0	0	0	0	0	0	0	0	0	0	0
RG51	0.00490123625747001	0.00427916053540655	0.000410057543836781	0.000300819231039197	0.00138316180971852	0.000283736238792419	1.6726498746558e-05	0.000437889499536726	0.000127256232476612	5.45222294918528e-05	0.000296646673493604	0	0	0	0	0	0	0	0	0	0	0	0	0	0	0	0	0
RG52	0.00535924456001095	0.00408558321070813	0.000138496256527654	0.000828924103308009	0.000280097485475357	2.33665137829051e-05	3.13621851497962e-05	9.51933694645056e-06	0	7.78888992740755e-06	0	0	0	0	0	0	0	0	0	0	0	0	0	0	0	0	0	0
RG53	0.00560193421832946	0.00271795154271685	0.000135780643654563	0.000909142564918461	0.000372500779652795	2.00284403853472e-05	1.25448740599185e-05	7.61546955716045e-05	0	0	0	0	0	0	0	0	0	0	0	0	0	0	0	0	0	0	0	0
RG54	0	1.57379938779204e-06	0	3.34243590043552e-06	0	1.00142201926736e-05	6.6905994986232e-05	0	4.10503975731005e-06	7.78888992740755e-06	8.12730612311243e-06	0.000175282474449209	0.000148482998696649	0.000127351097178683	0.000132667636614499	7.96830065122748e-05	7.12480279563691e-05	8.07852324595064e-05	0.000118947750635431	0.00282343081275833	0.00210397492897873	0.0030139351922476	0.000637524305614152	0.000464944767768105	0.000434530336607647	0.000216061243396578	0.000240543991530093	0.000131490670886322
RG55	0.00635007527028876	0.00230718990250313	5.70278703349165e-05	0	0	0	0	0	0	0	0	0	0	0	0	0	0	0	0	0	0	0	0	0	0	0	0	0
RG56	0.00880616760184298	3.14759877558408e-06	0	0	2.88760294304492e-06	0	0	0	0	0	0	0	0	0	0	0	0	0	0	0	0	0	0	0	0	0	0	0
RG57	0.00483919529218557	0.00233551829148338	0	0.00152080833469816	0.000210795014842279	0	2.09081234331975e-05	6.34622463096704e-05	0	0	0	0	0	0	0	0	0	0	0	0	0	0	0	0	0	0	0	0
RG58	0	0	2.71561287309126e-06	0	0	3.33807339755787e-06	7.73600567028307e-05	3.17311231548352e-06	1.64201590292402e-05	1.55777798548151e-05	1.62546122462249e-05	0.00010786613812259	8.24905548314718e-05	0.000117554858934169	7.96005819686993e-05	2.89756387317363e-05	5.76769750122988e-05	0.000141374156804136	0.00010329673081498	0.00406884658382454	0.00317050599896794	0.00431725851862493	0.000665650377920658	0.000315307371245037	0.000311839418036076	0.000135536573348407	0.000181054617280715	0.00011953697353302
RG59	1.82473427307148e-06	0	0	0	5.77520588608984e-06	0	3.3452997493116e-05	0	0	3.89444496370377e-06	0	0.000421352102041367	0.00026396977546071	0.000391849529780564	0.00032724683698243	0.000246292929219758	0.00023749342652123	0.000318091852809306	0.000344322436049933	0.00646151005929644	0.0044384929377329	0.00611525228933185	0.000661900234946457	0.000609237971558206	0.000523992464732751	0.000182575737039913	0.000131911221161664	6.42511232739982e-05
RG60	0.00767300761826559	0.000297448084292695	0	3.34243590043552e-06	0	0	0	0	0	0	0	0	0	0	0	0	0	0	0	0	0	0	0	0	0	0	0	0
RG61	0.00760001824734273	0.000217184315515301	0	0	0	0	0	0	0	0	0	0	0	0	0	0	0	0	0	0	0	0	0	0	0	0	0	0
RG62	0	0	2.71561287309126e-06	0	2.88760294304492e-06	0	6.27243702995925e-06	3.17311231548352e-06	0	0	0	0.000124720222204245	8.24905548314718e-05	0.000127351097178683	0.000234379491352281	0.000206451425963621	0.000179816451508931	0.000131276002746698	0.000247286113163134	0.00407910294899803	0.0024670264144195	0.0040669611979911	3.75014297420089e-06	1.06883854659334e-05	5.11212160714879e-06	0.000177792093274675	0.000111219264901011	8.51700936422767e-05
RG63	0.0057205419460791	0.00109221677512767	0.000757655991592463	0	0.000360950367880615	6.34233945535994e-05	0	1.90386738929011e-05	0	0	4.06365306155622e-06	0	0	0	0	0	0	0	0	0	0	0	0	0	0	0	0	0
RG64	0.00538844030838009	0.00204593920412965	5.43122574618253e-06	0	0	1.33522935902315e-05	0	0	0	0	0	0	0	0	0	0	0	0	0	0	0	0	0	0	0	0	0	0
RG65	0.00688289767802564	0.000624798356953439	0	0	0	0	0	0	0	0	0	0	0	0	0	0	0	0	0	0	0	0	0	0	0	0	0	0
RG66	0.00721864878427079	9.28541638797303e-05	0	0	0	0	0	0	0	0	0	0	0	0	0	0	0	0	0	0	0	0	0	0	0	0	0	0
RG67	0.0050234934537658	0.00141012425146167	5.43122574618253e-05	0	0.000603509015096388	0	0	8.5674032518055e-05	0	0	2.43819183693373e-05	0	0	0	0	0	0	0	0	0	0	0	0	0	0	0	0	0
RG68	1.82473427307148e-06	0	2.71561287309126e-06	0	0	6.67614679511573e-06	3.13621851497962e-05	3.17311231548352e-06	1.64201590292402e-05	3.89444496370377e-06	8.12730612311243e-06	0.00086629992179705	0.000989886657977662	0.000950235109717868	0.000703138474056844	0.00048896390359805	0.000403738825086091	0.000348386314981621	0.00041631712722401	0.00828860825520181	0.00535096951983479	0.00800062796487544	3.75014297420089e-05	2.13767709318669e-05	1.2780304017872e-05	0.000255924941440228	0.000243992650906868	0.000141950156070461
RG69	0.00528990465763423	0.000876606259000165	0	0	0.000863393279970431	0	0	0	0	0	0	0	0	0	0	0	0	0	0	0	0	0	0	0	0	0	0	0
RG70	0.00287213174581452	0.0014620596312588	9.2330837685103e-05	0.00169461500152081	6.64148676900332e-05	3.33807339755787e-06	0.000742238381878511	1.26924492619341e-05	0	0.00132411128765928	0	0	0	0	0	0	0	0	0	1.46519502478377e-06	0	0	0	0	0	0	0	0
RG71	0.00313306874686374	0.00319796035599342	5.43122574618253e-06	0	0	0	0	0	0	0	0	0	0	0	0	0	0	0	0	0	0	0	0	0	0	0	0	0
RG72	0.00214223803658592	0.0020947269851512	0.000184661675370206	0.00143724743718727	0.000955796574147868	0.000160227523082778	9.1995743106069e-05	0.000161828728089659	1.23151192719301e-05	0.000171355578402966	0	0	0	0	0	0	0	0	0	0	0	0	0	0	0	0	0	0
RG73	0	9.44279632675223e-06	1.62936772385476e-05	2.33970513030486e-05	2.31008235443594e-05	1.66903669877893e-05	7.94508690461505e-05	1.90386738929011e-05	1.64201590292402e-05	7.78888992740755e-06	8.12730612311243e-06	0.000647196828735539	0.000610430105752891	0.000783699059561128	6.19115637534328e-05	2.89756387317363e-05	5.76769750122988e-05	9.59324635456639e-05	0.000175291421989057	0.00185786729142583	0.00166658945987204	0.00214307824235001	0.000206257863581049	0.000133604818324168	0.000214709107500249	9.4078327383012e-05	6.03515390935716e-05	3.43668798907432e-05
RG74	0.0050745860134118	0.000657848144097072	0	0	0	0	0	0	0	0	0	0	0	0	0	0	0	0	0	0	0	0	0	0	0	0	0	0
RG75	0.0056566762465216	0	2.71561287309126e-06	0	0	0	0	0	0	0	0	0	0	0	0	0	0	0	0	0	0	0	0	0	0	0	0	0
RG76	0.00478262852972036	0.000588600971034222	0	0	1.44380147152246e-05	0	0	0	0	0	0	0	0	0	0	0	0	0	0	0	0	0	0	0	0	0	0	0
RG77	0.00318963550932895	0.00151556881044373	5.70278703349165e-05	0.000287449487437455	9.81785000635273e-05	3.00426605780208e-05	2.71805604631567e-05	8.5674032518055e-05	0	0	4.06365306155622e-05	0	0	5.87774294670846e-05	0	0	0	0	0	0	0	0	0	0	0	0	0	0
RG78	0	9.44279632675223e-06	0.000244405158578214	0	2.88760294304492e-06	0.00122173486350618	0.000292713728064765	0.00137713074491985	0.00135876815966963	0.00119948904882076	0.00121503226540531	0.000168540840816547	0.00123735832247208	0.000205721003134796	3.09557818767164e-05	0	8.48190809004394e-05	4.54416932584724e-05	6.2604079281806e-06	3.07690955204592e-05	1.72368657776035e-05	1.33294431106773e-05	0	0	0	0.000773355742046794	0.000223300694646215	0.000171834399453716
RG79	0.00406003375758405	0.000974181821043272	2.98717416040039e-05	0	0	0	0	0	0	0	0	0	0	0	0	0	0	0	0	0	0	0	0	0	0	0	0	0
RG80	0	0	0	0	2.88760294304492e-06	0	0	0	0	0	0	2.69665345306475e-05	4.12452774157359e-05	4.89811912225705e-05	2.65335273228998e-05	3.62195484146704e-05	7.12480279563691e-05	3.02944621723149e-05	4.38228554972642e-05	0.00181977222078145	0.00153515835831781	0.00219195286708916	3.75014297420089e-06	5.34419273296672e-06	5.11212160714879e-06	4.7039163691506e-05	2.58649453258164e-05	1.94247581991157e-05
RG81	0.00428265133889877	0.000448532825520731	0	0	8.08528824052578e-05	0	0	2.85580108393517e-05	0	0	1.21909591846686e-05	0	0	0	0	0	0	0	0	0	0	0	0	0	0	0	0	0
RG82	2.55462798230008e-05	1.73117932657124e-05	1.08624514923651e-05	1.33697436017421e-05	7.79652794622128e-05	6.00853211560416e-05	0.000213262859018614	6.98084709406374e-05	6.97856758742708e-05	0.000112938903947409	6.90821020464557e-05	4.71914354286331e-05	1.64981109662944e-05	0.000107758620689655	0.000433380946274029	0.000583134729476193	0.00671088568084276	0.00059579108938886	0.000194072645773599	1.46519502478377e-05	2.69326027775055e-05	3.40641323939532e-05	7.50028594840178e-06	0	5.11212160714879e-06	3.98636980436492e-05	4.05217476771124e-05	4.78147894132079e-05
RG83	0.00355093289539711	0.000722373918996546	0.000418204382456055	0.000324216282342245	0	9.68041285291781e-05	0	0	0	0	0	0	0	0	0	0	0	0	0	0	0	0	0	0	0	0	0	0
RG84	0.00167875553122577	0.00105444558982067	0.000787527733196467	0.000554844359472296	0.000202132206013144	0.000584162844572626	0.000104540617165987	0	0.000332508220342114	3.89444496370377e-05	0	0.000819108486368417	0	0	0	0	0	0	0	0	0	0	0	0	0	0	0	0
RG85	0.00383741617626933	0.000687750332465121	0	7.35335898095814e-05	5.48644559178535e-05	0	0	1.26924492619341e-05	0	0	0	0	0	0	0	0	0	0	0	0	0	0	0	0	0	0	0	0
RG86	0.00334473792254003	0.00111582376594456	8.14683861927379e-06	0	0	0	0	0	0	0	0	0	0	0	0	0	0	0	0	0	0	0	0	0	0	0	0	0
RG87	0.00155284886638383	0.000805785286549524	0.00113512618095215	0.00044788641065836	8.66280882913476e-06	0.00107485963401363	1.04540617165988e-05	9.51933694645056e-06	0.000693751718985398	0	0	0.00028989024620446	0	0	5.30670546457995e-05	0	0	0	0	0	0	0	0	0	0	0	0	0
RG88	0.00376077733680033	0.000613781761238895	0	0	0	0	0	0	0	0	0	0	0	0	0	0	0	0	0	0	0	0	0	0	0	0	0	0
RG89	0.00298526527074495	0.00128894169860168	0	0	0	0	0	0	0	0	0	0	0	0	0	0	0	0	0	0	0	0	0	0	0	0	0	0
RG90	0.00411660052004927	0.000245512704495558	2.71561287309126e-06	0	0	0	0	0	0	0	0	0	0	0	0	0	0	0	0	0	0	0	0	0	0	0	0	0
RG91	0.0028922038228183	0.00110795476900559	5.43122574618253e-05	0.000190518846324825	0	0	0	0	0	0	0	0	0	0	0	0	0	0	0	0	0	0	0	0	0	0	0	0
RG92	0.00431732129008713	3.14759877558408e-06	0	0	2.88760294304492e-06	0	0	0	0	0	0	0	0	0	0	0	0	0	0	0	0	0	0	0	0	0	0	0
RG93	0.00418958989097213	5.82305773483054e-05	0	0	0	0	0	0	0	0	0	0	0	0	0	0	0	0	0	0	0	0	0	0	0	0	0	0
RG94	0.00389215820446148	0.000360400059804377	0	0	0	0	0	0	0	0	0	0	0	0	0	0	0	0	0	0	0	0	0	0	0	0	0	0
RG95	0.00305642990739474	0.000985198416757816	0	0	1.73256176582695e-05	0	0	0	0	0	0	0	0	0	0	0	0	0	0	0	0	0	0	0	0	0	0	0
RG96	0.00364946854614297	0.000379285652457881	8.14683861927379e-06	0	0.000106841308892662	0	0	0	0	0	0	0	0	0	0	0	0	0	0	0	0	0	0	0	0	0	0	0
RG97	0.0038647871903654	0.000155806139391412	0	0	0	0	0	0	0	0	0	0	0	0	0	0	0	0	0	1.46519502478377e-06	0	0	0	0	0	0	0	0
RG98	8.57625108343598e-05	5.66567779605134e-05	4.88810317156427e-05	9.693064111263e-05	0.000199244603070099	0.000584162844572626	0.000108722241852627	0.000482313071953495	0.000480289651605276	0.000599744524410381	0.000503892979632971	7.41579699592805e-05	0.00249121475591045	0.00071512539184953	0.00032724683698243	0.00035495157446377	0.000899082257544657	0.000509956779900634	0.000322411008301301	0.000213918473618431	0.000188528219442538	0.000216233188239877	3.75014297420089e-06	4.80977345967005e-05	0	0.000179386641196421	0.00015777616648748	0.000132984883055485
RG99	0.00384471511336162	1.57379938779204e-06	0	0	0	0	0	0	0	0	0	0	0	0	0	0	0	0	0	0	0	0	0	0	0	0	0	0
RG100	0.00216960905068199	0.000876606259000165	0.000586572380587713	0	0.000213682617785324	0.000200284403853472	0	5.71160216787033e-05	4.10503975731005e-06	0	0	0	0	0	0	0	0	0	0	0	0	0	0	0	0	0	0	0
RG101	0.00372975685415811	5.82305773483054e-05	0	0	0	0	0	0	0	0	0	0	0	0	0	0	0	0	0	0	0	0	0	0	0	0	0	0
RG102	0.00190502258108663	0.00146048583187101	1.35780643654563e-05	0	0.000132829735380066	0	0	6.98084709406374e-05	0	0	0	0	0	0	0	0	0	0	0	0	1.07730411110022e-06	1.4810492345197e-06	0	0	0	0	0	0
RG103	0.00154007572647233	0.000456401822459691	0.000513250833014249	0.000190518846324825	0.000395601603197154	0.000420597248092291	0.000114994678882586	0.000517217307423814	0.000291457822769014	2.72611147459264e-05	0.000442938183709628	1.68540840816547e-05	0	0.000176332288401254	0	0	0	0	0	0	0	0	0	0	0	0	0	0
RG104	0.00301081155056795	0.000583879572870846	4.0734193096369e-05	0	0	0	0	0	0	0	0	0	0	0	0	0	0	0	0	0	0	0	0	0	0	0	0	0
RG105	0.000961634961908672	0.00120238273227312	0.000613728509318626	6.68487180087104e-05	0.000776765191679083	0.000427273394887407	0	2.85580108393517e-05	6.56806361169608e-05	0	0	0	0	0	0	0	0	0	0	0	0	0	0	0	0	0	0	0
RG106	0	0	0	3.34243590043552e-06	0	0	6.06335579562727e-05	0	0	0	0	0.000441577002939352	0.00254895814429248	0.000724921630094044	0.000132667636614499	0.000188341651756286	0.00023749342652123	0.000227208466292362	0.000131468566491793	0.000530400598971726	0.000242393424997549	0.000473935755046305	0	0	0	0.000458432527501965	0.000256925123569776	0.000204707067175296
RG107	0.00321518178915195	0.000228200911229846	0	0	5.77520588608984e-06	0	0	0	0	0	0	0	0	0	0	0	0	0	0	0	0	0	0	0	0	0	0	0
RG108	0.00275899822088408	0.000564993980217342	0	0	0	0	0	0	0	0	0	0	0	0	0	0	0	0	0	0	0	0	0	0	0	0	0	0
RG109	0.00186670316135213	0.000292726686129319	0.000619159735064808	0	0	0.000971379358689339	0	0	0.000377663657672525	3.89444496370377e-06	0	0.000141574306285899	0	0	0	0	0	0	0	0	0	0	0	0	0	0	0	0
RG110	0.00216048537931664	0.00104500279349391	0	1.00273077013066e-05	0	0	0	0	0	0	0	0	0	0	0	0	0	0	0	0	0	0	0	0	0	0	0	0
RG112	0.00216595958213585	0.000890770453490294	0	0	0.000216570220728369	0	0	6.98084709406374e-05	0	0	0	0	0	0	0	0	0	0	0	0	0	0	0	0	0	0	0	0
RG113	0.00327539802016331	4.0918784082593e-05	0	0	0	0	0	0	0	0	0	0	0	0	0	0	0	0	0	0	0	0	0	0	0	0	0	0
RG115	0.00206924866566306	0.000472139816337611	0	0.000899115257217155	0.000190581794240965	0	2.09081234331975e-05	1.58655615774176e-05	0	7.39944543103717e-05	0	0	0	0	0	0	0	0	0	0	0	0	0	0	0	0	0	0
RG116	5.47420281921445e-06	9.44279632675223e-06	2.71561287309126e-06	6.68487180087104e-06	5.77520588608984e-06	1.00142201926736e-05	0.000110813054195947	1.26924492619341e-05	1.64201590292402e-05	1.94722248185189e-05	1.21909591846686e-05	0.000448318636572014	0.000775411215415835	0.00016653605015674	0.000168045673045032	0.000699037284403138	0.000376596719197951	5.55398473159106e-05	5.00832634254448e-05	0.0004424888974847	0.00309617201530203	0.000605749136918559	2.81260723065067e-05	9.6195469193401e-05	3.06727296428927e-05	0	0.000105184110991653	2.9884243383255e-05
RG117	0.00319510971214817	6.76733736750576e-05	2.71561287309126e-06	0	0	0	0	0	0	0	0	0	0	0	0	0	0	0	0	0	0	0	0	0	0	0	0	0
RG118	0.00315131608959445	4.0918784082593e-05	0	0	0	0	0	0	0	0	0	0	0	0	0	0	0	0	0	0	0	0	0	0	0	0	0	0
RG119	1.82473427307148e-06	0	0	0	0	0	5.8542745612953e-05	0	0	0	0	0.000350564948898417	0.00428125979575339	0.000744514106583072	0.000221112727690831	0.000220939245329489	0.00021035132063309	0.00017671769600517	0.000159640402168605	0.000241757179089323	0.000161595616665033	0.00025177836986835	0	0	0	0.000403420624201729	0.000298309036091083	0.000231602886220226
RG120	0.00309292459285617	0	0	0	0	0	0	0	0	0	0	0	0	0	0	0	0	0	0	0	0	0	0	0	0	0	0	0
RG121	0.00215501117649742	0.000788473493283811	0	0	0	0	0	0	0	0	0	0	0	0	0	0	0	0	0	0	0	0	0	0	0	0	0	0
RG122	0.0029560695223758	3.46235865314248e-05	0	0	0	0	0	0	0	0	0	0	0	0	0	0	0	0	0	0	0	0	0	0	0	0	0	0
RG123	0.00239587610054286	0.000491025408991116	2.71561287309126e-06	0	0	0	0	0	0	0	0	0	0	0	0	0	0	0	0	0	0	0	0	0	0	0	0	0
RG124	0.00283016285753387	2.51807902046726e-05	0	0	0	0	0	0	0	0	0	0	0	0	0	0	0	0	0	0	0	0	0	0	0	0	0	0
RG125	0.0024633912686465	0.000273841093475815	1.35780643654563e-05	0	0	0	0	0	0	0	0	0	0	0	0	0	0	0	0	0	0	0	0	0	0	0	0	0
RG126	0.00140687012453811	0.000982050817982232	0.000133065030781472	0.000287449487437455	1.44380147152246e-05	0	0	0	0	0	0	0	0	0	0	0	0	0	0	0	0	0	0	0	0	0	0	0
RG128	0.00258382373066922	1.57379938779204e-06	0	0	0	0	0	0	0	0	0	0	0	0	0	0	0	0	0	0	0	0	0	0	0	0	0	0
RG129	0.00245791706582729	8.97065651041462e-05	0	0	0	0	0	0	0	0	0	0	0	0	0	0	0	0	0	0	0	0	0	0	0	0	0	0
RG130	0.00166050818849505	0.000516206199195789	3.80185802232777e-05	0	8.08528824052578e-05	2.33665137829051e-05	0	0.000133270717250308	0	0	0.000138164204092911	0	0	0	0	0	0	0	0	0	0	0	0	0	0	0	0	0
RG131	0.00241959764609279	5.66567779605134e-05	0	0	0	0	0	0	0	0	0	0	0	0	0	0	0	0	0	0	0	0	0	0	0	0	0	0
RG132	0.0022079284704165	0.000114887355308819	0	0	0	0	0	0	0	0	0	0	0	0	0	0	0	0	0	0	0	0	0	0	0	0	0	0
RG134	0.00164043611149126	0.000369842856131129	0.000190092901116388	3.67667949047907e-05	8.66280882913476e-05	1.00142201926736e-05	0	1.58655615774176e-05	0	0	0	0	0	0	0	0	0	0	0	0	0	0	0	0	0	0	0	0
RG135	0.00165868345422198	0.000473713615725403	1.08624514923651e-05	0.000120327692415679	0	0	0	0	0	0	0	0	0	0	0	0	0	0	0	0	0	0	0	0	0	0	0	0
RG136	0.00191597098672506	0.000275414892863607	0	0	2.88760294304492e-06	0	0	0	0	0	0	0	0	0	0	0	0	0	0	0	0	0	0	0	0	0	0	0
RG138	0.00212581542812828	3.46235865314248e-05	0	0	0	0	0	0	0	0	0	0	0	0	0	0	0	0	0	0	0	0	0	0	0	0	0	0
RG139	0.00207107339993613	4.40663828581771e-05	0	0	0	0	0	0	0	0	0	0	0	0	0	0	0	0	0	0	0	0	0	0	0	0	0	0
RG140	0.0019451667350942	0.000141641944901283	0	0	0	0	0	0	0	0	0	0	0	0	0	0	0	0	0	0	0	0	0	0	0	0	0	0
RG141	0.00122987090005018	0.00075699750552797	0	0	0	0	0	0	0	0	0	0	0	0	0	0	0	0	0	0	0	0	0	0	0	0	0	0
RG142	0.00205647552575156	2.04593920412965e-05	0	0	0	0	0	0	0	0	0	0	0	0	0	0	0	0	0	0	0	0	0	0	0	0	0	0
RG143	0.00208567127412071	2.51807902046726e-05	0	0	0	0	0	0	0	0	0	0	0	0	0	0	0	0	0	0	0	0	0	0	0	0	0	0
RG144	0	4.72139816337611e-06	0	3.34243590043552e-06	1.44380147152246e-05	1.00142201926736e-05	6.27243702995925e-05	9.51933694645056e-06	8.2100795146201e-06	1.16833348911113e-05	8.12730612311243e-06	0.000208990642612518	0.000618679161236038	2.93887147335423e-05	5.74893091996162e-05	0.000268024658268561	0.000108568423552562	3.02944621723149e-05	1.56510198204515e-05	0.000189010158197107	0.00120981251676555	0.000226600532881515	3.75014297420089e-06	1.06883854659334e-05	2.5560608035744e-06	0	1.20703078187143e-05	1.49421216916275e-06
RG145	0.00199443456046713	7.08209724506417e-05	0	0	0	0	0	0	0	0	0	0	0	0	0	0	0	0	0	0	0	0	0	0	0	0	0	0
RG146	0.00193969253227499	0.000110165957145443	0	0	0	0	0	0	0	0	0	0	0	0	0	0	0	0	0	0	0	0	0	0	0	0	0	0
RG147	0.00187582683271749	0.000125903951023363	0	0	0	0	0	0	0	0	0	0	0	0	0	0	0	0	0	0	0	0	0	0	0	0	0	0
RG148	0.00204005291729392	0	0	0	0	0	0	0	0	0	0	0	0	0	0	0	0	0	0	0	0	0	0	0	0	0	0	0
RG149	0.00203092924592856	0	0	0	0	0	0	0	0	0	0	0	0	0	0	0	0	0	0	0	0	0	0	0	0	0	0	0
RG150	0.00182655900734456	0.000130625349186739	0	0	0	0	0	0	0	0	0	0	0	0	0	0	0	0	0	0	0	0	0	0	0	0	0	0
RG152	0.0018685278956252	7.55423706140178e-05	0	0	0	0	0	0	0	0	0	0	0	0	0	0	0	0	0	0	0	0	0	0	0	0	0	0
RG153	0.00169882760822955	0.000185708327759461	0	6.35062821082749e-05	5.77520588608984e-06	0	0	0	0	0	0	0	0	0	0	0	0	0	0	0	0	0	0	0	0	0	0	0
RG154	0.00172619862232562	5.50829785727213e-05	2.71561287309126e-06	7.68760257100169e-05	0.000109728911835707	0	0	0	0	0	0	0	0	0	0	0	0	0	0	0	0	0	0	0	0	0	0	0
RG155	0.00192874412663656	2.99021883680487e-05	0	0	0	0	0	0	0	0	0	0	0	0	0	0	0	0	0	0	0	0	0	0	0	0	0	0
RG156	0.00180648693034077	0.000105444558982067	0	0	0	0	0	0	0	0	0	0	0	0	0	0	0	0	0	0	0	0	0	0	0	0	0	0
RG157	0.00185393002144063	2.51807902046726e-05	0	0	0	0	0	0	0	0	0	0	0	0	0	0	0	0	0	0	0	0	0	0	0	0	0	0
RG158	0.00162401350303362	0.000171544133269332	0	8.3560897510888e-05	0	0	6.27243702995925e-06	0	0	0	0	0	0	0	0	0	0	0	0	0	0	0	0	0	0	0	0	0
RG160	0.00124446877423475	0.000461123220623067	2.71561287309126e-06	0.000113642820614808	0	0	0	0	0	0	0	0	0	0	0	0	0	0	0	0	0	0	0	0	0	0	0	0
RG161	0.00179736325897541	6.92471730628497e-05	0	0	0	0	0	0	0	0	0	0	0	0	0	0	0	0	0	0	0	0	0	0	0	0	0	0
RG162	0.00175721910496784	2.51807902046726e-05	0	0	0	0	0	0	0	0	0	0	0	0	0	0	0	0	0	0	0	0	0	0	0	0	0	0
RG163	0.00169700287395648	9.75755620431064e-05	0	0	0	0	0	0	0	0	0	0	0	0	0	0	0	0	0	0	0	0	0	0	0	0	0	0
RG164	0.00152000364946855	0.000291152886741527	0	0	0	0	0	0	0	0	0	0	0	0	0	0	0	0	0	0	0	0	0	0	0	0	0	0
RG165	0.00179371379042927	0	0	0	0	0	0	0	0	0	0	0	0	0	0	0	0	0	0	0	0	0	0	0	0	0	0	0
RG166	0.00135577756489211	0.000395023646335802	0	0	0	0	0	0	0	0	0	0	0	0	0	0	0	0	0	0	0	0	0	0	0	0	0	0
RG167	0.00163678664294512	7.71161700018099e-05	0	0	0	0	0	0	0	0	0	0	0	0	0	0	0	0	0	0	0	0	0	0	0	0	0	0
RG168	0.00168240499977191	2.67545895924646e-05	2.71561287309126e-06	0	0	0	0	0	0	0	0	0	0	0	0	0	0	0	0	0	0	0	0	0	0	0	0	0
RG169	0.00162218876876055	8.97065651041462e-05	2.71561287309126e-06	0	0	0	0	0	0	0	0	0	0	0	0	0	0	0	0	0	0	0	0	0	0	0	0	0
RG170	0.00169882760822955	3.14759877558408e-06	0	0	0	0	0	0	0	0	0	0	0	0	0	0	0	0	0	0	0	0	0	0	0	0	0	0
RG172	0.00155102413211076	0.000105444558982067	0	0	0	0	0	0	0	0	0	0	0	0	0	0	0	0	0	0	0	0	0	0	0	0	0	0
RG173	0.00163496190867205	0	0	0	0	0	0	0	0	0	0	0	0	0	0	0	0	0	0	0	0	0	0	0	0	0	0	0
RG174	0.00156014780347612	7.86899693896019e-05	0	0	0	0	0	0	0	0	0	0	0	0	0	0	0	0	0	0	0	0	0	0	0	0	0	0
RG175	0.00159846722321062	3.61973859192169e-05	0	0	0	0	0	0	0	0	0	0	0	0	0	0	0	0	0	0	0	0	0	0	0	0	0	0
RG176	0.00153095205510698	7.08209724506417e-05	0	0	0	0	0	0	0	0	0	0	0	0	0	0	0	0	0	0	0	0	0	0	0	0	0	0
RG177	0.00152730258656083	2.67545895924646e-05	0	0	0	0	0	0	0	0	0	0	0	0	0	0	0	0	0	0	0	0	0	0	0	0	0	0
RG178	0.00145613794991104	2.99021883680487e-05	0	0	0	0	0	0	0	0	0	0	0	0	0	0	0	0	0	0	0	0	0	0	0	0	0	0
RG179	0.0014908079010994	0	0	0	0	0	0	0	0	0	0	0	0	0	0	0	0	0	0	0	0	0	0	0	0	0	0	0
RG180	0.00144883901281876	2.36069908168806e-05	0	0	0	0	0	0	0	0	0	0	0	0	0	0	0	0	0	0	0	0	0	0	0	0	0	0
RG181	0.00146708635554947	0	0	0	0	0	0	0	0	0	0	0	0	0	0	0	0	0	0	0	0	0	0	0	0	0	0	0
RG183	0	0	0	0	0	0	0	0	0	0	0	0	0	0	0	0	0	0	0	0	0	0	5.25020016388125e-05	0.000614582164291173	0.00172789710321629	0	0	0
RG185	0.00133205601934218	2.20331914290885e-05	0	0	0	0	0	0	0	0	0	0	0	0	0	0	0	0	0	0	0	0	0	0	0	0	0	0
RG186	0.00127001505405775	7.55423706140178e-05	0	0	0	0	0	0	0	0	0	0	0	0	0	0	0	0	0	0	0	0	0	0	0	0	0	0
RG187	0.00131563341088454	7.86899693896019e-06	0	0	0	0	0	0	0	0	0	0	0	0	0	0	0	0	0	0	0	0	0	0	0	0	0	0
RG188	0.00136125176771133	0	0	0	0	0	0	0	0	0	0	0	0	0	0	0	0	0	0	0	0	0	0	0	0	0	0	0
RG190	0.00127183978833082	1.57379938779204e-06	0	0	0	0	0	0	0	0	0	0	0	0	0	0	0	0	0	0	0	0	0	0	0	0	0	0
RG191	0.00122074722868482	1.25903951023363e-05	0	0	0	0	0	0	0	0	0	0	0	0	0	0	0	0	0	0	0	0	0	0	0	0	0	0
RG195	0.00124446877423475	1.73117932657124e-05	0	0	0	0	0	0	0	0	0	0	0	0	0	0	0	0	0	0	0	0	0	0	0	0	0	0
RG198	0.00118790201176954	1.41641944901283e-05	0	0	0	0	0	0	0	0	0	0	0	0	0	0	0	0	0	0	0	0	0	0	0	0	0	0
RG200	0.00118972674604261	0	0	0	0	0	0	0	0	0	0	0	0	0	0	0	0	0	0	0	0	0	0	0	0	0	0	0
