D3C2_Parent	D3C2_R1_T1	D3C2_R2_T1	D3C2_R3_T1	D3C2_R1_T2	D3C2_R2_T2	D3C2_R3_T2	D3C2_R1_T3	D3C2_R2_T3	D3C2_R3_T3	D3C2_R1_T5	D3C2_R2_T5	D3C2_R3_T5	D3C2_R1_T6	D3C2_R2_T6	D3C2_R3_T6	D3C2_R1_T8	D3C2_R2_T8	D3C2_R3_T8	D3C2_R1_T9	D3C2_R2_T9	D3C2_R3_T9	D3C2_R1_T10	D3C2_R2_T10	D3C2_R3_T10	D3C2_R1_T13	D3C2_R3_T13	D3C2_R1_T15	D3C2_R3_T15	D3C2_R3_T17	D3C2_R1_T19	D3C2_R3_T19
RG0	0.00678382219925055	0.0477224199288256	0.0461483848065318	0.0256725091386259	0.297164744459521	0.185513231225808	0.144343680206588	0.497239061840046	0.243177429254345	0.264343897744977	0.927901667391523	0.403583590017658	0.748299488677867	0.929201361050964	0.542850829112306	0.768217760744422	0.975591571128922	0.739369363305963	0.887022464256177	0.982115577820289	0.784007424019797	0.846100773840198	0.992740779428597	0.833254590584718	0.886156245886793	0.992199388072297	0.870233377366799	0.994562197069355	0.992359086711691	0.992223838120432	0.998646030557879	0.998549871262215
RG1	0.00546582245768187	0.030846975088968	0.0629761612189727	0.0385696878807761	0.0376349785165084	0.163554170093576	0.0445085671412619	0.105220005465974	0.489081890808928	0.189773060121368	0.0329162364559713	0.531112667867937	0.193072315558802	0.0167038072812439	0.377923846746018	0.161437940417862	0.00713259356957641	0.228543545564679	0.0863704309215008	0.00428703155750678	0.180430195432902	0.127004339808265	0.00260031781662203	0.157835726172679	0.105795128391002	0.00029977288945223	0.0519301335681785	0	0.00468755343911512	0.00254190539473189	1.10078816432566e-05	0.000537626543390485
RG2	0.0476030494895981	0.120654804270463	0.0439843259332077	0.0307620208079483	0.281490275893261	0.287492307426856	0.0696560057230597	0.189517130860394	0.126476414788349	0.0430824577576277	0.000891960952915307	0.00087567571471388	0.000654492330168006	0.00012625704672142	0.000579172606435604	0.000237746166343068	0	0	0	0	0	0	0	0	0	0	1.46778218112432e-05	0	0	0	0	0
RG3	0.0202351725029074	0.02244128113879	0.0458480107042407	0.0291498734651795	0.0263596788783356	0.041813089164831	0.0613265982691234	0.0221868866307237	0.0276320976442233	0.0607610904758568	0.00835300406030364	0.00854912269932004	0.00926223520818116	0.00721769450424118	0.0118766492337156	0.0106755400662188	0.00101456011740584	0.00335004711266658	0.0032831931595985	0.000357826069005381	0.00169397277122898	0.00166096685306406	7.5009167787174e-05	0.00254562378360082	0.000587390551852441	0	0	0	0	3.13428532026127e-06	0	1.82866171221253e-06
RG4	0.0122884093552139	0.13929537366548	0.16039294393927	0.109822851251289	0.0288755088195387	0.0485020331398927	0.0624585601619207	0.00886978558473502	0.014583260562572	0.0539218064622788	0.000596485054120782	0.000153468939692123	0.00125931336742148	0.000214636979426414	0.000304751670717986	0.00105419230347469	4.71888426700391e-06	0.000425696594427245	1.3432116959199e-05	0	9.94288365721356e-05	4.25888936683092e-06	2.77811732545089e-06	7.05158942825713e-06	0	0	0	0	0	0	0	0
RG5	0.00364388163845458	0.0035729537366548	0.00294912754976653	0.0134501827725185	0.00482318521031208	0.00132858646452214	0.0639242218034618	0.00183544932793361	0.00080588420217464	0.100621573394718	0.000225756866494693	9.93034315654915e-05	0.0111234477720964	2.10428411202367e-05	0.00018631737214512	0.00831097935755088	0	8.74949522142953e-05	0.00184211889726158	0	1.47301980106868e-05	0.00325379147625882	0	0	0.00194683624376511	0	0.000719213268750917	0	0.000134792309193439	0.000219399972418289	0	0
RG6	0.0988758237498385	0.103010676156584	0.0863575544086726	0.09178929609148	0.0258826605608322	0.0294474575686293	0.0455053042992742	0.00851263385425725	0.00938368571015115	0.0236284144757058	1.10665130634653e-06	3.61103387510878e-06	5.84368151935719e-06	0	4.33296214290976e-06	4.6074838438579e-06	0	0	0	0	0	0	0	0	0	0	0	0	0	0	0	0
RG7	0.0228453288538571	0.0200569395017794	0.00634881625296961	0.0184647108445028	0.051938461103573	0.00217117485003077	0.0464824120603015	0.0339169917265025	0.000269459733234864	0.0375567619242719	0.000183704116853525	1.80551693755439e-06	9.49598246895544e-05	2.31471252322604e-05	0	0	0	0	0	0	0	0	0	0	0	0	0	0	0	0	0	0
RG8	0.0104664685359866	0.017864768683274	0.0107520275251905	0.0353922579435748	0.0118017865219358	0.0147869948064347	0.0789756072026801	0.00312430122487515	0.00200098801902186	0.0386619010909431	2.32396774332772e-05	0	0	7.78585121448758e-05	2.8886414286065e-06	4.6074838438579e-06	0	0	0	0	0	0	0	0	0	0	0	0	0	0	0	0
RG9	0.0128569582633415	0.00256939501779359	0.00863575544086726	0.0179960633611397	0.000685492989597467	0.0116064393307605	0.0370733877721943	2.17396705508211e-05	0.0038772261615461	0.0267479617819515	0	0.000232911684944516	1.89919649379109e-05	6.31285233607101e-06	0.000114101336429957	1.84299353754316e-06	0	0	0	0	0	0	0	0	0	0	0	0	2.01182551034984e-06	0	0	0
RG10	0.0394624628504975	0.0228825622775801	0.0170803637257311	0.0389164870184647	0.0171443916779738	0.0211538572143395	0.018440727945282	0.00720514795398643	0.00357782645795181	0.00325971129811623	0.000230183471720079	0	2.9218407596786e-06	6.73370915847574e-05	0	0	0	0	0	0	0	0	0	0	0	0	0	0	0	0	0	0
RG11	0.00581470474221476	0.0269181494661922	1.36533682859561e-05	0.00189333583278658	0.105410447761194	7.47689352328477e-05	0.00036641541038526	0.0715732067877463	6.7364933308716e-05	0.000409710130082966	0.000789042381425079	1.80551693755439e-06	7.74287801314828e-05	0.000313538332691527	0	0	0	0	0	1.37625411155916e-05	0	0	0	0	0	0	0	0	0	0	0	0
RG12	0.0538054012146272	0.0333096085409253	0.0220228830452473	0.0392914050051551	0.00498925825418363	0.00206477290373787	0.0234636725293132	0.000652190116524634	0.000154689846857052	0.00899385614502301	5.53325653173267e-06	0	2.9218407596786e-06	2.10428411202367e-06	2.8886414286065e-06	0	0	0	0	0	0	0	0	0	0	0	0	0	0	0	0	0
RG13	0.00492311668174183	0.000398576512455516	0.00453974495508042	0.0032336676352048	7.06693803708729e-06	0.0210302008983775	0.000643408012283641	9.31700166463763e-06	0.0134630066716234	0.000131179120596739	3.3199539190396e-06	0.00862856544457244	4.3827611395179e-06	2.10428411202367e-06	0.0151465913308982	8.29347091894422e-06	0	0.00321543949387535	0	0	0.00121892388538433	0	0	0.000507714438834513	0	0	0	0	0	0	0	0
RG14	0.00390231296033079	0.00530960854092527	0.0170189235684443	0.0275752179210798	0.0006395578923564	0.00497213419298437	0.0238344500279174	4.03736738800964e-05	0.000598799407188587	0.00950239985911722	0	0	4.3827611395179e-06	0	0	9.2149676877158e-07	0	0	0	0	0	0	0	0	0	0	0	0	0	0	0	0
RG15	0.00560795968471379	0.000619217081850534	0.00486059910980039	0.0169837847970756	4.24016282225237e-05	0.00267155157043521	0.0282837800111669	6.21133444309175e-06	0.000334329669013628	0.0154827301789247	0	0	4.67494521548576e-05	4.20856822404734e-06	2.8886414286065e-06	3.9624361057178e-05	0	0	0	0	0	0	0	0	0	0	0	0	0	0	0	0
RG17	0.000594392040315286	0	0.00101034925316075	0.0103852282313244	0	0.000399726230667917	0.0326873080681184	3.10566722154588e-06	4.74049530690965e-05	0.0108932579322936	0	0	5.98977355734112e-05	4.20856822404734e-06	4.33296214290976e-06	2.48804127568327e-05	0	0	0	0	0	0	0	0	0	0	0	0	0	0	0	0
RG18	0.000103372528750485	0.000419928825622776	0.000443734469293575	0.000403036835692192	0.00346986657620986	0.00214816902380528	0.000852788246789503	0.00530447961440036	0.00228292273990649	0.00278531009486227	0.00333212708340942	0.00139024804191688	0.00332797662527392	0.00615713531178126	0.00348659020432805	0.00459089690202001	0.00233112882789993	0.00294285906582313	0.00405841819552941	0.00279379584646509	0.00398820111139344	0.00298335200146506	0.000238918089988776	0.000211547682847714	0.00015323231787455	0.000394266517649129	0.000396301188903567	1.4069347815382e-05	2.61537316345479e-05	9.40285596078382e-06	0	7.31464684885014e-06
RG19	0.0193952707068097	0.0444199288256228	0.0244258758635755	0.0338363482988096	0.0108936849841701	0.00806066636375662	0.0165824783640424	0.00195346468235236	0.000593809412128682	0.00492730340652409	6.19724731554059e-05	0	2.9218407596786e-06	2.10428411202367e-05	0	9.2149676877158e-07	0	0	0	0	0	0	0	0	0	0	0	0	0	0	0	0
RG20	0.0137743894560021	0.014797153024911	0.0366456404795063	0.0281938325991189	0.00199640999547716	0.00825046443011693	0.00977325865438303	0.000164600362741931	0.000426644577621868	0.00113568772900191	0	0	0	4.20856822404734e-06	0	2.76449030631474e-06	0	0	0	0	0	0	0	0	0	6.5168019446137e-06	0	0	0	0	0	0
RG21	0.00677090063315674	0.00326690391459075	0	0.00878245383822289	0.000342746494798734	0	0.0184952540480179	5.27963427662799e-05	0	0.0175133110867921	0	0	9.7881665449233e-05	0	0	0.000126245057321706	0	0	0	0	0	0	0	0	0	0	0	0	0	0	0	0
RG22	0.00700348882284533	0.00711743772241993	0.0352325168619098	0.0172181085387571	0.000992904794210764	0.0106143130747862	0.00548096384701284	7.76416805386469e-05	0.00269210233481869	0.00159751011247262	0	1.80551693755439e-05	1.02264426588751e-05	0	1.44432071430325e-06	0	0	0	0	0	0	0	0	0	0	0	0	0	0	0	0	0
RG23	0.0180255847008657	0.00697508896797153	0.0313003467955545	0.0185396944418408	0.00293277928539123	0.00800602752647108	0.00653440815187046	0.000357151730477776	0.000543909461529633	0.0018526804566471	0	0.000115553084003481	5.11322132943755e-05	0	0.000132877505715899	0	0	8.07645712747341e-05	0	0	2.94603960213735e-05	0	0	0	0	0	0	0	0	0	0	0
RG24	0.00297196020157643	0.0232526690391459	0.0278596979874935	0.0134220639235167	0.00282324174581637	0.00830222753912428	0.00364452470686767	0.000586971104872171	0.00241765260652392	0.000898487127374926	1.10665130634653e-06	2.52772371257615e-05	2.9218407596786e-06	0	0.000116989977858563	0	0	0	0	0	0	0	0	0	0	0	0	0	0	0	0	0
RG25	0.00108541155188009	0.00647686832740214	0.000450561153436553	0.00445215109194864	0.00360060492989597	4.02601958946103e-05	0.00784085357342267	0.00210253670898656	2.49499752995245e-06	0.0177325419458715	0.000148291275050436	0	0.000501095690284879	2.31471252322604e-05	0	0.000736275918248493	0	0	0	0	0	0	0	0	0	0	0	0	0	0	0	0
RG26	0.00204160744282207	7.11743772241993e-05	0.00989869200731821	0.0261880213703252	0	0.00448901184224905	0.0115115508096036	3.10566722154588e-06	0.00104041396999017	0.002988368185649	0	0	1.02264426588751e-05	0	0	0	0	0	0	0	0	0	0	0	0	0	0	0	0	0	0	0
RG27	0.00815350820519447	0.00453380782918149	0.00685399087954998	0.00482706907863905	0.00149112392582542	0.00666881387711438	0.0089008410106086	0.000322989391040771	0.00241016761393406	0.0036191061490662	2.54529800459703e-05	5.95820589392949e-05	3.79839298758218e-05	0	7.65489978580724e-05	9.2149676877158e-07	0	0	0	0	0	0	0	0	0	0	0	0	0	0	0	0
RG28	0.0032949993539217	0	0.00821250102400262	0.0159246414846752	0	0.00282971662573547	0.0138888888888889	3.10566722154588e-06	8.9819911078288e-05	0.00402701930489442	0	0	0	0	1.44432071430325e-06	1.84299353754316e-06	0	0	0	0	0	0	0	0	0	0	0	0	0	0	0	0
RG29	9.0450962656674e-05	0.000548042704626334	0.000430081101007619	0.000243696691348767	0.00277377317955676	0.00170243114068638	0.00082661571747627	0.00532311361772963	0.00268212234469888	0.00338729647020347	0.00430819353560706	0.00320840359803415	0.00486340394448503	0.00540380159967678	0.00428529955933775	0.00612795351233101	0.00124106656222203	0.00170110378247409	0.00129715872348836	0.00106659693645835	0.00135886076648585	0.00139478626763713	6.94529331362722e-05	6.34643048543142e-05	5.10774392915166e-05	0.000107527232086126	5.87112872449729e-05	4.92427173538371e-05	3.21892081655974e-05	4.23128518235272e-05	2.20157632865131e-05	3.65732342442507e-06
RG31	0.00369556790282982	0.0139644128113879	0.00307883454848311	0.0187458993345206	0.0047277815468114	0.000442862154840713	0.0105104515633724	0.000322989391040771	2.49499752995245e-05	0.000932629638215173	0	0	0	0	1.44432071430325e-06	9.2149676877158e-07	0	0	0	0	0	0	0	0	0	0	0	0	0	0	0	0
RG32	0.0108411939527071	0.00601423487544484	0.0156399333715628	0.00969162995594714	0.000226142017186793	0.00985512080934497	0.00403275055834729	2.4845337772367e-05	0.00111526389588874	0.000745744315721189	0	0	0	2.10428411202367e-06	0	4.33103481322643e-05	0	0	0	0	0	0	0	0	0	0	0	0	0	0	0	0
RG33	0.00865744928285308	0.00340925266903915	0.006225935938396	0.00165901209110507	0.00238155811849842	0.00964519264503736	0.00568161990508096	0.000257770379388308	0.00339569163826528	0.00131179120596739	0	0.000151663422754569	1.4609203798393e-06	0	0	9.2149676877158e-07	0	0	0	0	0	0	0	0	0	0	0	0	0	0	0	0
RG34	0.0146530559503812	0.00644128113879004	0.00557057426067011	0.0113037772987159	0.00393628448665762	0.0027808292450063	0.00792809533780011	0.00054970309821362	0.000354289649253247	0.00165681026287936	3.3199539190396e-06	0	0	0	0	0	0	0	0	0	0	0	0	0	0	0	0	0	0	0	0	0
RG35	0.00304948959813929	0.00344483985765125	0.016807296360012	0.0113975067953885	0.000159006105834464	0.0116380723418206	0.00237079494695701	1.24226688861835e-05	0.000960574049031691	3.5939485094997e-06	0	1.62496524379895e-05	0	0	0	9.2149676877158e-07	0	0	0	0	0	0	0	0	0	0	2.93556436224864e-05	0	0	0	0	0
RG36	7.75293965628634e-05	0.000227758007117438	0.00021162720843232	0.000234323741681507	0.00101410560832203	0.000770695178553969	0.000506002233389168	0.00190066833958608	0.0012799337328656	0.00141421873848813	0.00665982756159345	0.00357492353635769	0.00529875821767714	0.0017423472447556	0.000908477729296746	0.00146057237850295	0.00483449693154551	0.00296305020864181	0.00350002590479699	0.0026080015414046	0.00501194987313617	0.00410343990494159	0.00015557457022525	0.000190392914562942	0.000123764564437136	0.000202020860283025	0.000220167327168648	0.000534635216984517	0.00049088542452536	0.000250742825620902	0.000132094579719079	7.68037919129264e-05
RG37	0.0134642718697506	0.0108398576512456	0.0102331995303241	2.81188490017809e-05	0.00644858095884215	0.00369531083746959	0	0.00244105443613506	0.000374249629492867	3.5939485094997e-06	0.00083994834151702	1.98606863130983e-05	1.4609203798393e-06	0.000462942504645207	0	0	4.24699584030352e-05	0	0	0	0	0	0	0	0	0	0	0	0	0	0	0
RG38	1.29215660938106e-05	0.000241992882562278	0.000382294312006772	0.000187458993345206	0.000212008141112619	0.000851215570343189	0.000191931881630374	0.000913066163134488	0.00370507133197938	0.00142500058401663	0.000540045837497109	0.0102553362053089	0.00362892622352082	8.41713644809468e-05	0.00150642650501829	0.000794330214681102	7.31427061385606e-05	0.00245154125723516	0.00095943692565707	4.81688939045705e-05	0.00270667388446369	0.00129683181220001	0	2.46805629989e-05	3.1432270333241e-05	0	1.46778218112432e-05	0	4.02365102069967e-06	3.13428532026127e-06	0	0
RG39	0.0094198216823879	0.00441992882562278	0.009338903907594	0.00566126159902521	0.000374547715965626	0.00820157704938776	0.00275902079843663	1.55283361077294e-05	0.00104290896752012	0.000564249915991454	0	0	0	0	0	0	0	0	0	0	0	0	0	0	0	0	0	0	0	0	0	0
RG40	0.0056208812508076	0.00581494661921708	0.0111616285737691	0.0149592276689474	0.000431083220262325	0.00101225635392163	0.00374267169179229	2.4845337772367e-05	1.74649827096671e-05	0.0012722577723629	0	0	2.04528853177502e-05	0	1.44432071430325e-06	0	0	0	0	0	0	0	0	0	0	0	0	0	0	0	0	0
RG41	0	2.84697508896797e-05	2.73067365719123e-05	9.37294966726029e-06	0.000137805291723202	5.17631090073561e-05	0.00117558277498604	0.000192551367735844	6.7364933308716e-05	8.44577899732431e-05	9.29587097331089e-05	5.23599911890773e-05	6.8663257852447e-05	0.00817724805932398	0.00467237751077102	0.00607266370620471	0.000139207085876615	8.5812356979405e-05	0.000103619187970964	0.000116981599482528	0.000139936881101524	9.58250107536956e-05	0.00018613386080521	0.000130454404422757	0.000135551665812102	0.000280222483618389	0.000249522970791135	0.000316560325846095	0.000201182551034984	0.000119102842169928	1.10078816432566e-05	7.31464684885014e-06
RG42	0.000258431321876211	0.000903914590747331	0.000757761939870566	0.000768581872715344	0.00414122568973315	0.00268880594010433	0.00131080750977108	0.00731384630674054	0.00327593175682756	0.00383294608538143	0.00393303874275558	0.00195356932643385	0.00400876552227904	0.00817303949109993	0.00482258686505856	0.00655276352273471	0.00306727477355254	0.00304717997038632	0.00389339504431639	0.00295206506929439	0.00358312066609955	0.00291946866096259	0.000100012223716232	0.000109299636137986	8.44742265205852e-05	0.000417075324455277	0.000322912079847351	0.000204005543323039	6.63902418415446e-05	3.91785665032659e-05	1.10078816432566e-05	1.09719702732752e-05
RG43	0.0133867424731878	0.0170462633451957	0.00408918380164387	0.00418970850126535	0.00372780981456355	1.72543696691187e-05	0.00123883305415969	0.000295038386046858	4.98999505990489e-06	0.00112490588347341	0	3.61103387510878e-06	8.76552227903579e-06	0	2.8886414286065e-06	0	0	0	0	0	0	0	0	0	0	0	0	0	0	0	0	0
RG44	0.0129861739242796	0.0145480427046263	0.00347478222877584	0.00412409785359453	0.0032790592492085	1.72543696691187e-05	0.00117340173087661	0.000282615717160675	0	0.0012506940813059	0	0	2.62965668371074e-05	0	0	0	0	0	0	0	0	0	0	0	0	0	0	0	0	0	0	0
RG45	0.00474221475642848	0.00809964412811388	0.0088405559651566	0.0149686006186147	0.00011660447761194	0.00171393405379912	0.00325847989949749	0	0.000114769886377812	3.5939485094997e-06	0	0	0	0	0	0	0	0	0	0	0	0	0	0	0	0	0	0	0	0	0	0
RG46	9.0450962656674e-05	0.000362989323843416	0.00092160235930204	0.000581122879370138	0.000664292175486205	0.00222006223075994	0.000372958542713568	0.00163358095853313	0.00711323795789442	0.00271522809892703	0.000156037834194861	0.00304590707365426	0.00137034331628926	0.000180968433634036	0.00371190423575936	0.0016374997581071	4.71888426700391e-05	0.00155135280656885	0.000502744949044305	3.4406352788979e-05	0.0012741621279244	0.000766600086029565	0	9.87222519955998e-05	4.32193717082064e-05	0	4.40334654337296e-05	0	0	0	0	0
RG47	0.0068484300297196	0.00445551601423488	0.00212309876846618	0.00344924547755179	0.00375961103573044	0.000339335936826001	0.00421595826353992	0.00128885189694154	1.74649827096671e-05	0.00144476730081888	4.86926574792475e-05	0	0	0	0	0	0	0	0	0	0	0	0	0	0	0	0	0	0	0	0	0
RG48	3.87646982814317e-05	0.000185053380782918	0.000409601048578684	0.000290561439685069	0.000272077114427861	0.00101513208219982	0.000820072585147962	0.000791945141494199	0.00339818663579523	0.00153461601355637	0.000284409385731059	0.00406602414337249	0.00156610664718773	0.000336685457923787	0.006305904238648	0.00361318883035337	6.60643797380547e-05	0.00172970790146722	0.000585256524650813	4.12876233467747e-05	0.00149879764758738	0.00107324012044139	8.33435197635266e-06	0.000408992186838913	0.0002494936457701	0	0.000205489505357405	0	0	7.83571330065318e-06	0	0
RG49	1.29215660938106e-05	0.000120996441281139	0.000361814259577838	0.000365545037023151	0.000254409769335142	0.000940363146966969	0.000135224734785036	0.000624239111530721	0.00285178217673564	0.00119858182791815	7.41456375252178e-05	0.00155635560017189	0.000496712929145362	7.57542280328521e-05	0.00130133296358723	0.000669928150896939	1.17972106675098e-05	0.000469444070534392	0.000153509908105131	2.06438116733874e-05	0.00050082673236335	0.000317287257828903	0	2.82063577130285e-05	1.17871013749654e-05	0	1.46778218112432e-05	0	0	0	0	0
RG50	3.87646982814317e-05	0.000142348754448399	0.000102400262144671	7.49835973380823e-05	0.000554754635911352	0.000347963121660561	0.000161397264098269	0.000838530149817387	0.000503989501050394	0.000555265044717704	0.00161571090726594	0.000485684056202131	0.00126369612856099	0.000753333712104474	0.000398632517147698	0.000563956022488207	0.000698394871516579	0.000736976712881949	0.000773306162079599	0.000791346114146516	0.000983240717213341	0.000911402324501817	3.05592905799598e-05	2.46805629989e-05	2.16096858541032e-05	3.58424106953754e-05	5.87112872449729e-05	5.62773912615281e-05	8.04730204139935e-05	2.66414252222208e-05	8.80630531460526e-05	2.56012639709755e-05
RG51	0.014665977516475	0.00907473309608541	0.00220501897818192	0.00479895022963727	0.00255116463138851	0.000419856328615222	0.00205018146286991	0.000220502372729757	1.49699851797147e-05	0.000749338264230688	0	0	0	0	0	0	0	0	0	0	0	0	0	0	0	0	0	0	0	0	0	0
RG52	0.00171856829047681	0.00922419928825623	0.00526337347423609	0.00734839253913206	0.000759695838986884	0.00049462526384807	0.00386262911781128	5.59020099878258e-05	3.74249629492867e-05	0.000693632062333443	0	0	0	0	0	0	0	0	0	0	0	0	0	0	0	0	0	0	0	0	0	0
RG54	0.0103243313089546	0.000370106761565836	0.0102331995303241	0.00751710563314275	0	0.00162766220545353	0.00177318886097152	0	4.98999505990489e-05	0.000323455365854973	0	0	0	0	0	0	0	0	0	0	0	0	0	0	0	0	0	0	0	0	0	0
RG55	0.000129215660938106	0.000320284697508897	0.000675841730154829	0.00066547942637548	0.000621890547263682	0.00203026416439963	0.000372958542713568	0.00131059156749236	0.00546903458565576	0.00229114217480606	0.000159357788113901	0.00261438852557876	0.00107085463842221	0.00014309131961761	0.00353858575004297	0.00138040215961983	2.35944213350195e-05	0.000945618522008346	0.000360748284047058	4.12876233467747e-05	0.000957462870694639	0.000517455058069957	0	5.6412715426057e-05	1.17871013749654e-05	0	1.46778218112432e-05	0	0	1.56714266013064e-06	0	0
RG56	0.00413490115001938	0.0119501779359431	0.0085606619152945	0.00490205267597713	0.000597156264133876	0.000184046609803933	0.000988012981574539	2.79510049939129e-05	4.98999505990489e-06	1.79697425474985e-06	0	0	0	0	0	0	0	0	0	0	0	0	0	0	0	0	0	0	0	0	0	0
RG57	0.00350174441142266	0.00506049822064057	0.00505174626580377	0.0014621801480926	0.000929302351876979	0.00379596132720612	0.000909495393634841	0.000133543690526473	0.00055139445411949	0.000177900451220235	0	0	0	0	0	0	0	0	0	6.88127055779579e-06	0	0	0	0	0	0	0	0	0	0	0	0
RG58	0.00821811603566352	0.00140213523131673	0.00983042516588842	0.00185584403411754	0.000162539574853008	0.00272619040772076	0.00068266680625349	6.21133444309175e-06	0.000324349678893818	0	0	0	0	0	0	0	0	0	0	0	0	0	0	0	0	0	0	0	0	0	0	0
RG59	0.00453546969892751	0.00365836298932384	0.00098986920073182	0.0079295154185022	0.000462884441429218	2.01300979473052e-05	0.00364670575097711	3.10566722154588e-05	2.49499752995245e-06	0.000354003928185721	0	0	0	0	0	0	0	0	0	0	0	0	0	0	0	0	0	0	0	0	0	0
RG60	0.000568548908127665	0.00177935943060498	0.000648534993582917	0.000543631080701097	0.004614710538218	0.0045637807774819	0.00128899706867672	0.00367710999031032	0.00226545775719682	0.000716992727645191	2.65596313523168e-05	3.97213726261966e-05	2.77574872169467e-05	1.05214205601183e-05	1.1554565714426e-05	9.2149676877158e-06	0	0	0	0	0	0	0	0	0	0	0	7.03467390769101e-06	0	0	0	0
RG61	0.00960072360770125	0.000320284697508897	0.00875863575544087	0.00588621239103946	0	0.00110140393054541	0.0015965242881072	0	4.74049530690965e-05	0	0	0	0	0	0	0	0	0	0	0	0	0	0	0	0	0	0	0	0	0	0	0
RG62	0.00343713658095361	0.0100142348754448	0.00720215177084187	0.00411472490392727	0.000413415875169607	9.77747614583393e-05	0.000961840452261307	5.27963427662799e-05	0	0	0	0	0	0	0	0	0	0	0	0	0	0	0	0	0	0	0	0	0	0	0	0
RG63	1.29215660938106e-05	5.69395017793594e-05	4.09601048578684e-05	3.74917986690412e-05	0.000293277928539123	0.000181170881525746	0.000296621998883305	0.000537280429327437	0.00022454977769572	0.000260561266938729	0.000191450675997951	0.000104719982378155	0.000165084002921841	0.0019822356335263	0.000920032295011172	0.00173978589944074	0.000219428118415682	0.000143020594965675	0.000220670492901126	0.000144506681713712	0.000114159034582822	0.000144802238472251	8.05654024380758e-05	5.99385101401856e-05	5.50064730831718e-05	0.000234604870006093	0.000220167327168648	0.000133658804246129	7.84611949036436e-05	5.64171357647029e-05	0	7.31464684885014e-06
RG64	2.58431321876211e-05	0.000128113879003559	0.000314027470576991	0.000187458993345206	0.000212008141112619	0.000741937895772104	0.000344604969290899	0.000832318815374295	0.00260727241880031	0.00118779998238965	0.00063853780376195	0.00689707470145777	0.00308108108108108	0.000288286923347243	0.00343892762075604	0.00251568617874641	9.67371274735802e-05	0.00176504240139992	0.000516177066003504	2.75250822311832e-05	0.0011968285883683	0.000796412311597382	0	6.69900995684427e-05	2.75032365415859e-05	0	4.40334654337296e-05	0	1.2070953062099e-05	4.70142798039191e-06	0	0
RG65	1.29215660938106e-05	0	0	0	3.88681592039801e-05	2.01300979473052e-05	0.000482010748185371	4.03736738800964e-05	2.74449728294769e-05	3.05485623307475e-05	3.98394470284752e-05	2.70827540633159e-05	4.52885317750183e-05	0.00357097013810417	0.00184006459002234	0.00299762898881395	6.13454954710508e-05	4.87952618118185e-05	3.64586031749687e-05	6.19314350201621e-05	4.41905940320603e-05	5.53655617688019e-05	8.33435197635266e-06	3.17321524271571e-05	1.76806520624481e-05	0.000146628043753808	0.000132100396301189	7.73814129846011e-05	3.21892081655974e-05	2.50742825620902e-05	0	1.82866171221253e-06
RG66	0.00273937201188784	0.00259786476868327	0.00259413997433167	0.00239947511481863	0.000243809362279512	8.62718483455935e-05	0.00290733179787828	3.72680066585505e-05	0	0.00125608500407015	0	0	0	0	0	0	0	0	0	0	0	0	0	0	0	0	0	0	0	0	0	0
RG67	0	4.98220640569395e-05	6.14401572868026e-05	3.74917986690412e-05	0.000176673450927182	0.000112153402849272	0.000128681602456728	0.000630450445973813	0.00022454977769572	0.000167118605691736	0.00109226483936403	0.00059220955551784	0.000892622352081812	0.000738603723320308	0.000333638085004051	0.000457983894079475	0.000894228568597241	0.000917014403015211	0.00107073160903329	0.000598670538528234	0.00262197524590224	0.00126063125258195	0.000138905866272544	0.000141031788565143	0.000111977463062171	7.49432223630576e-05	8.80669308674593e-05	0.00021104021723073	0.000209229853076383	0.000377681381091484	5.50394082162829e-05	2.56012639709755e-05
RG68	0.00178317612094586	0.00264056939501779	0.00489473253051528	0.000627987627706439	0.00049468566259611	0.00295624866997567	0.000551804159687326	0.000102487018311014	0.000953089056441834	0.000186885322493985	0	7.22206775021756e-06	4.3827611395179e-06	0	1.58875278573358e-05	0	0	0	0	0	0	0	0	0	0	0	0	0	0	0	0	0
RG69	0.00104664685359866	0.000854092526690391	0.000757761939870566	0.00272752835317274	0.000855099502487562	0.00108414956087629	0.000913857481853713	0.000779522472608015	0.000863269145363546	0.00102427532520742	0.000387327957221287	0.000881092265526543	0.000298027757487217	0.000391396844836402	0.000868036749296255	0.00051327370020577	0.000280773613886733	0.000501413379997308	0.00054687904762453	0.000282132092869627	0.000743874999539681	0.000383300043014783	0.000166687039527053	0.000423095365695428	0.000220025892332687	0.000400783319593743	0.00512255981212388	1.4069347815382e-05	2.01182551034984e-06	2.50742825620902e-05	0	0
RG70	0.00333376405220313	4.98220640569395e-05	8.19202097157369e-05	0.0031868028868685	7.06693803708729e-06	0	0.00308181532663317	0	0	0.00174665897561686	0	0	0	0	0	0	0	0	0	0	0	0	0	0	0	0	0	0	0	0	0	0
RG71	0.0116294094844295	0.0059288256227758	0.00148139045902624	0.00185584403411754	0.0010847749886929	0.00021855534914217	0.000610692350642099	4.03736738800964e-05	3.24349678893818e-05	1.79697425474985e-06	0	0	0	0	0	0	0	0	0	0	0	0	0	0	0	0	0	0	0	0	0	0
RG72	0.00701641038893914	0.00620640569395018	0.00458753174408127	0.00403036835692192	4.24016282225237e-05	0.000120780587683831	0.000523450586264657	0	0	0	0	0	0	0	0	0	0	0	0	0	0	0	0	0	0	0	0	0	0	0	0	0
RG73	0.0048843519834604	0.00323131672597865	0.00271702028890527	0.00098415971506233	0.00278084011759385	0.000503252448682629	0.000279173646007817	0.000366468732142413	1.99599802396196e-05	1.79697425474985e-06	0	0	0	0	0	0	0	0	0	0	0	0	0	0	0	0	0	0	0	0	0	0
RG74	0.00666752810440625	0.00181494661921708	0.00236203271347041	0.00410535195426001	0.000141338760741746	0.000747689352328477	0.00109488414293691	1.55283361077294e-05	0.000144709856737242	0.000334237211383472	0	0	1.4609203798393e-05	4.20856822404734e-06	1.44432071430325e-06	9.2149676877158e-07	0	0	0	0	0	0	0	0	0	0	0	0	0	0	0	0
RG75	0.00396692079079984	0.00386476868327402	0.00130389667130881	0	0.00413062528267752	0.000287572827818645	0	0.000590076772093717	1.99599802396196e-05	0	0	0	1.4609203798393e-06	0	0	0	0	0	0	0	0	0	0	0	0	0	0	0	0	0	0	0
RG76	0.0094198216823879	0.00654804270462633	0.00130389667130881	0.00182772518511576	0.000812697874265039	0.000189798066360306	0.000460200307091011	4.65850083231882e-05	9.97999011980978e-06	0	0	0	0	0	0	0	0	0	0	0	0	0	0	0	0	0	0	0	0	0	0	0
RG77	0.00351466597751648	0.00168683274021352	0.00142677698588242	0.00372106101790233	3.53346901854364e-05	6.03902938419155e-05	0.00272630513679509	0	0	0.000278531009486227	0	0	0	0	1.44432071430325e-06	0	0	0	0	0	0	0	0	0	0	0	0	0	0	0	0	0
RG78	0.000400568548908128	0.000362989323843416	0.000430081101007619	0.00111538101040397	0.000371014246947083	0.000382471860998798	0.000202837102177554	0.000310566722154588	0.000261974740645007	0.000346816031166722	0.000357448371949931	0.000662624716082462	0.000246895544192842	0.000248305525218793	0.000303307350003683	0.000293035972469363	0.000209990349881674	0.00028604118993135	0.00045861085046408	0.000350944798447585	0.000427175742309916	0.000321546147195734	0.000222249386036071	0.000338476292556342	0.000294677534374134	0.000316064894313764	0.00522530456480258	0.000161797499876893	4.02365102069967e-06	2.19399972418289e-05	0	0
RG79	0.00253262695438687	0.0024626334519573	0.00388438327735452	0.00574561814603055	0.000109537539574853	0.00013803495735295	0.00121702261306533	1.55283361077294e-05	0	0	0	0	0	0	0	0	0	0	0	0	0	0	0	0	0	0	0	0	0	0	0	0
RG80	0.00297196020157643	0.00376512455516014	0.000170667103574452	0.00440528634361233	0.000208474672094075	0	0.00176446468453378	3.10566722154588e-06	0	0.000280327983740977	0	0	0	0	0	0	0	0	0	0	0	0	0	0	0	0	0	0	0	0	0	0
RG81	0.0110867037084895	0.00226334519572954	0.0016179241418858	0.00603617958571562	2.12008141112619e-05	0	0.000386044807370184	0	0	0	0	0	0	0	0	0	0	0	0	0	0	0	0	0	0	0	0	0	0	0	0	0
RG82	0.00938105698410647	0.0055373665480427	0.000826028781300347	0.00124660230574562	0.000713760741745816	0.000198425251194865	0.000355510189838079	5.27963427662799e-05	4.98999505990489e-06	1.79697425474985e-06	0	0	0	0	0	0	0	0	0	0	0	0	0	0	0	0	0	0	0	0	0	0
RG83	0.0010983331179739	0.00227758007117438	0.00163157751017176	0.00403036835692192	0.000413415875169607	0.000112153402849272	0.00129772124511446	3.72680066585505e-05	0	0.000682850216804944	0	0	0	0	0	0	0	0	0	0	0	0	0	0	0	0	0	0	0	0	0	0
RG84	0.00307533273032692	0	0	0.000365545037023151	0	0	0.0020981644332775	0	0	0.00162805867480337	0	0	0	0	0	0	0	0	0	0	0	0	0	0	0	0	0	0	0	0	0	0
RG85	0.0063574105181548	0.00309608540925267	0.0025531798694738	0.00316805698753398	0.000388681592039801	0.000264567001593154	0.000425303601340034	1.86340033292753e-05	0	0	0	0	0	0	0	0	0	0	0	0	0	0	0	0	0	0	0	0	0	0	0	0
RG86	0.0101821940819227	0.000334519572953737	0.00251221976461593	0.00187458993345206	3.18012211668928e-05	0.00118480005061282	0.000229009631490787	0	0.000107284893787955	1.79697425474985e-06	0	0	0	0	0	0	0	0	0	0	0	0	0	0	0	0	0	0	0	0	0	0
RG87	0.00285566610673214	0.000512455516014235	0.00529750689495098	0.000834192520386165	1.76673450927182e-05	0.00220280786109082	0.000102509073143495	6.21133444309175e-06	9.48099061381929e-05	0	0	0	0	0	0	0	0	0	0	0	0	0	0	0	0	0	0	0	0	0	0	0
RG88	0.0102726450445794	0.00125266903914591	0.000757761939870566	0.00193082763145562	0	1.72543696691187e-05	0.000724106644332775	3.10566722154588e-06	0	0.000427679872630465	0	0	0	0	0	0	0	0	0	0	0	0	0	0	0	0	0	0	0	0	0	0
RG89	0.00261015635094974	0.000633451957295374	0.0028330739193359	0.00104977036273315	9.54036635006784e-05	0.00227470106804548	0.000187569793411502	4.65850083231882e-05	0.000364269639373057	0	0	0	0	0	0	0	0	0	0	0	0	0	0	0	0	0	0	0	0	0	0	0
RG90	0.00373433260111125	0.00358718861209964	0.00160427077359985	0.00272752835317274	0.000254409769335142	0	0.000957478364042434	1.55283361077294e-05	0	0	0	0	0	0	0	0	0	0	0	0	0	0	0	0	0	0	0	0	0	0	0	0
RG91	3.87646982814317e-05	7.11743772241993e-05	4.77867890008465e-05	0.000421782735026713	0.000137805291723202	4.88873807291697e-05	0.00101636655499721	5.27963427662799e-05	2.74449728294769e-05	0.00304048043903675	1.10665130634653e-06	0	0.00012417823228634	0	7.22160357151626e-06	0.00014559648946591	0	1.68259523489029e-06	3.45397293236545e-05	0	0	2.342389151757e-05	0	0	0	0	0	0	0	0	0	0
RG92	0.00144721540250678	0.00299644128113879	0.00399361022364217	0.00226825381947699	0.000180206919945726	0.000333584480269628	0.000379501675041876	0	7.73449234285258e-05	0	0	0	0	0	0	0	0	0	0	0	0	0	0	0	0	0	0	0	0	0	0	0
RG93	0.00328207778782788	0.00793594306049822	0	0.000534258131033836	0.000611290140208051	0	8.28796761585706e-05	1.24226688861835e-05	0	1.79697425474985e-06	0	0	8.76552227903579e-06	0	0	0	0	0	0	0	0	0	0	0	0	0	0	0	0	0	0	0
RG95	0.000284274454063833	0.000192170818505338	0.000252587313290189	0.000215577842346987	0.000134271822704659	0.000126532044240204	1.52673087660525e-05	0.000167706029963477	0.000164669836976861	0.000152742811653737	0.000345275207580119	0.000449573717451043	0.000330168005843682	2.5251409344284e-05	3.61080178575813e-05	1.38224515315737e-05	0.000280773613886733	0.000380266523085207	0.000262885717630037	0.000302775904543015	0.000556064974903425	0.00027682780884401	0.000161130804876152	9.87222519955998e-05	0.000119835530645481	8.14600243076713e-05	0.00155584911199178	5.62773912615281e-05	1.81064295931485e-05	0.000490515652620889	2.20157632865131e-05	1.46292936977003e-05
RG96	0	0	0	0	0	2.87572827818645e-06	0.000403493160245673	0	2.49499752995245e-06	0	1.10665130634653e-06	5.41655081266317e-06	0	0.000204115558866296	0.00331760468075457	0.00143200597867104	0	0	0	0	0	0	0	3.87837418554142e-05	1.76806520624481e-05	0	2.93556436224864e-05	0	2.01182551034984e-06	0	0	0
RG97	0.00815350820519447	0.000170818505338078	0.00139264356516753	0.00183709813478302	3.53346901854365e-06	2.01300979473052e-05	0.000567071468453378	0	2.2454977769572e-05	0.000632534937671948	0	0	0	0	0	0	0	0	0	0	0	0	0	0	0	0	0	0	0	0	0	0
RG98	2.58431321876211e-05	3.55871886120996e-05	2.73067365719123e-05	8.43565470053426e-05	0.000130738353686115	7.18932069546613e-05	1.96293969849246e-05	0.000397525404357872	0.000154689846857052	0.000195870193767734	0.000885321045077228	0.000480267505389468	0.000819576333089847	0.000183072717746059	0.000131433185001596	0.000149282476540996	0.000493123405901908	0.000701642212949253	0.000738766432755944	0.000337182257331994	0.00169765532073165	0.000702716745527101	0.000102790341041683	5.28869207119285e-05	5.50064730831718e-05	0	0	5.62773912615281e-05	1.81064295931485e-05	7.99242756666625e-05	0	1.82866171221253e-06
RG99	0.000568548908127665	0.000106761565836299	2.73067365719123e-05	0.00267129065516918	0	0	0.00271321887213847	0	0	0.000206652039296233	0	0	0	0	0	0	0	0	0	0	0	0	0	0	0	0	0	0	0	0	0	0
RG100	0	0	0	0	0	0	0.000392587939698492	0	0	1.79697425474985e-06	4.42660522538614e-06	0	2.9218407596786e-06	0.00267875367460613	0.00131866481215887	0.00158497444228712	0	1.68259523489029e-06	9.5943692565707e-06	6.88127055779579e-06	3.68254950267169e-06	2.12944468341546e-06	0.000119459044994388	0.000133980199136885	8.25097096247576e-05	0.00012381923694766	0.000161456039923675	0.000147728152061511	0.000201182551034984	5.48499931045723e-05	0	1.82866171221253e-06
RG101	0.000387646982814317	0.002	0.000983042516588842	0.000346799137688631	0.000554754635911352	0.000586648568750036	0.00012213847012842	0.000180128698849661	0.000279439723354674	0.000598392426831701	7.74655914442574e-06	1.80551693755439e-06	1.31482834185537e-05	0	0	3.22523869070053e-05	0	0	0	0	0	0	0	0	0	0	0	0	0	0	0	0
RG102	0.00423827367876987	0.00386476868327402	0.000382294312006772	0.000881057268722467	0.0011095092718227	0	5.88881909547739e-05	0.000232925041615941	0	0	0	0	0	0	0	0	0	0	0	0	0	0	0	0	0	0	0	0	0	0	0	0
RG103	0.00161519576172632	0.00170106761565836	0.000402774364435706	0.00312119223919768	2.82677521483492e-05	0.000163916511856628	0.00147438581797878	3.10566722154588e-06	4.98999505990489e-06	0	0	0	0	0	0	0	0	0	0	0	0	0	0	0	0	0	0	0	0	0	0	0
RG104	0	0	0	9.37294966726029e-06	7.06693803708729e-06	0	0.000383863763260748	0	0	1.79697425474985e-06	1.10665130634653e-06	0	1.4609203798393e-06	0.00163713303915441	0.000644167038579251	0.00169739704807725	7.07832640050586e-06	5.04778570467088e-06	1.91887385131414e-06	0	2.57778465187018e-05	0	0.000308371023125049	0.000359631060841114	0.000361471108832272	0.000586512175015233	0.000396301188903567	0.000344699021476859	0.000313844779614574	0.00019589283251633	0.000165118224648849	6.40031599274387e-05
RG105	0.00023258818968859	0.000263345195729537	0.000628054941153983	0.000356172087355891	0.000395748530076888	0.000529134003186307	0.000844064070351759	0.000350940396034684	0.000414169589972106	0.00109974824390691	0.000152717880275822	0.000171524109067667	0.000197224251278305	0.000172551297185941	0.000205093541431062	0.000237746166343068	1.41566528010117e-05	6.39386189258312e-05	4.60529724315394e-05	6.88127055779579e-06	2.94603960213735e-05	3.19416702512319e-05	0	7.05158942825713e-06	0	0	0	0	0	0	0	0
RG106	0.0128828013955291	0.0015017793594306	0.000552961415581224	0.000562376980035617	8.48032564450475e-05	0	0.000113414293690676	9.31700166463763e-06	0	0	0	0	0	0	0	0	0	0	0	0	0	0	0	0	0	0	0	0	0	0	0	0
RG107	0.00121462721281819	0.000163701067615658	0.00331776849348734	0.000149967194676165	0	0.00194686804433223	5.23450586264657e-05	0	0.000167164834506814	0	0	0	0	0	0	0	0	0	0	0	0	0	0	0	0	0	0	0	0	0	0	0
RG108	0.00210621527329112	0.00244839857651246	0.00226645913546872	0.00165901209110507	5.65355042966983e-05	0.000342211665104188	0.000436208821887214	0	2.99399703594293e-05	1.79697425474985e-06	0	0	0	0	0	0	0	0	0	0	0	0	0	0	0	0	0	0	0	0	0	0
RG109	0.00249386225610544	0.00260498220640569	0.00318806149477076	0.00110600806073671	0.000204941203075531	0.000184046609803933	0.000170121440536013	1.24226688861835e-05	2.2454977769572e-05	0	0	0	0	0	0	0	0	0	0	0	0	0	0	0	0	0	0	0	0	0	0	0
RG110	0.00124047034500581	0.002	0.00324950165205756	0.000262442590683288	0.000526486883763003	0.000790825276501274	0	6.21133444309175e-06	7.48499258985734e-05	1.79697425474985e-06	0	0	0	0	0	0	0	0	0	0	0	0	0	0	0	0	0	0	0	0	0	0
RG111	0.00536244992893139	0.000854092526690391	0.0039526501187843	0.0012278564064111	2.12008141112619e-05	2.87572827818645e-05	3.70777498604132e-05	0	2.49499752995245e-06	0	0	0	0	0	0	0	0	0	0	0	0	0	0	0	0	0	0	0	0	0	0	0
RG112	0.00974286083473317	0.00159430604982206	0.00138581688102455	0.000834192520386165	1.76673450927182e-05	0	0	0	0	0	0	0	0	0	0	0	0	0	0	0	0	0	0	0	0	0	0	0	0	0	0	0
RG113	0.00143429383641297	0.00158718861209964	0.00159061740531389	0.00309307339019589	7.06693803708729e-05	9.20233049019664e-05	0.000671761585706309	9.31700166463763e-06	0	1.79697425474985e-06	0	0	0	0	0	0	0	0	0	0	0	0	0	0	0	0	0	0	0	0	0	0
RG114	0.00602144979971573	0.00123131672597865	0.000873815570301193	0.00241822101415315	3.53346901854365e-06	0	0.000604149218313791	0	0	0	0	0	0	0	0	1.84299353754316e-06	0	0	0	0	0	0	0	0	0	0	0	0	0	0	0	0
RG115	0.00591807727096524	0.000604982206405694	0	0.00433030274627425	0	0	0.000671761585706309	0	0	0	0	0	0	0	0	0	0	0	0	0	0	0	0	0	0	0	0	0	0	0	0	0
RG116	0.00133092130766249	0.000790035587188612	0.000785068676442478	0.00121848345674384	1.41338760741746e-05	8.62718483455935e-05	0.00114504815745394	0	0	0.000440258692413714	0	0	0	0	0	0	0	0	0	0	0	0	0	0	0	0	0	0	0	0	0	0
RG117	2.58431321876211e-05	0.000113879003558719	0.000116053630430627	0.000103102446339863	0.00011660447761194	0.000509003905239002	2.83535734226689e-05	0.000326095058262317	0.00124749876497622	0.000499558842820459	1.21731643698119e-05	0.000135413770316579	3.50620891161432e-05	1.68342728961894e-05	0.000245534521431553	0.000101364644564874	0	3.02867142280253e-05	1.53509908105131e-05	0	3.31429455240452e-05	4.89772277185556e-05	0	0	3.92903379165513e-06	0	0	0	0	0	0	0
RG118	0.00304948959813929	0.00251957295373665	0.00243029955490019	0.00150904489642891	2.12008141112619e-05	5.17631090073561e-05	7.63365438302624e-05	0	0	1.79697425474985e-06	0	0	0	0	0	0	0	0	0	0	0	0	0	0	0	0	0	0	0	0	0	0
RG120	0.00580178317612095	0.000903914590747331	0.000826028781300347	0.00140594245008904	1.76673450927182e-05	0	0.000242095896147404	6.21133444309175e-06	0	0.000346816031166722	0	0	0	0	0	9.2149676877158e-07	0	0	0	0	0	0	0	0	0	0	0	0	0	0	0	0
RG122	0.000193823491407159	0.000163701067615658	0.000109226946287649	0.000393663886024932	8.12697874265039e-05	8.914757662378e-05	1.74483528754886e-05	0.000121121021640289	0.000117264883907765	0.00012219424932299	0.000254529800459703	0.000308743396321801	0.000248356464572681	0.000151508456065704	0	3.50168772133201e-05	0.00010853433814109	0.000146385785435456	9.40248187143929e-05	9.63377878091411e-05	0.000191492574138928	0.000129896125688343	6.66748158108213e-05	8.81448678532141e-05	0.000104119395478861	4.23592126399891e-05	0.00121825921033319	9.84854347076741e-05	6.63902418415446e-05	0.000512455649862718	4.40315265730263e-05	3.47445725320382e-05
RG123	0	2.84697508896797e-05	0.000102400262144671	6.5610647670822e-05	3.88681592039801e-05	0.000238685447089475	2.61725293132328e-05	0.000145966359412656	0.00114270886871822	0.000438461718158964	0.000144971321131396	0.00292313192190056	0.000885317750182615	1.05214205601183e-05	0.000179095768573603	7.92487221143559e-05	1.65160949345137e-05	0.000518239332346211	0.000145834412699875	6.88127055779579e-06	0.000673906558988919	0.000379041153647952	0	3.52579471412856e-06	0	0	0	0	0	0	0	0
RG126	0.00253262695438687	0.00281850533807829	0.000375467627863794	0.000852938419720686	0.000614823609226594	0	5.88881909547739e-05	0.000139755024969564	0	0	0	0	0	0	0	0	0	0	0	0	0	0	0	0	0	0	0	0	0	0	0	0
RG127	0.00686135159581341	0.000128113879003559	0.000853335517872259	0.00167775799043959	0	2.01300979473052e-05	0.000185388749302066	0	0	0	0	0	0	0	0	0	0	0	0	0	0	0	0	0	0	0	0	0	0	0	0	0
RG128	0.00529784209846233	0.00190035587188612	0	0.000806073671384385	0.000279144052464948	0	8.94228084868788e-05	1.55283361077294e-05	0	3.5939485094997e-06	0	0	0	0	0	0	0	0	0	0	0	0	0	0	0	0	0	0	0	0	0	0
RG129	0	0	0	0	0	2.87572827818645e-06	0.000281354690117253	0	0	0	0	0	0	0.000122048478497373	0.000183428730716513	0.000228531198655352	4.71888426700391e-06	2.52389285233544e-05	0	0	0	0	0.000602851459622843	0.000483033875835613	0.00126514888091295	0.00118605795391969	0.0181564655805079	0.000204005543323039	0.000168993342869386	0.000709915625039179	0.000242173396151645	0.000173722862660191
RG130	0.000348882284532885	0.00214946619217082	0.00092160235930204	0.000187458993345206	0.000296811397557666	0.00080232818961402	7.63365438302624e-05	9.31700166463763e-06	5.98799407188587e-05	1.79697425474985e-06	0	0	0	0	0	0	0	0	0	0	0	0	0	0	0	0	0	0	0	0	0	0
RG131	0	1.42348754448399e-05	1.36533682859561e-05	0.000309307339019589	2.12008141112619e-05	6.61417503982884e-05	6.54313232830821e-06	0.000136649357748019	0.000109779891317908	0.000140163991870488	0.000714896743899861	0.000306937879384246	0.000444119795471147	3.7877114016426e-05	1.7331848571639e-05	3.04093933694621e-05	0.000696035429383077	0.000333153856508278	0.000466286345869336	0.000151387952271507	0.00138832116250723	0.00062818618160756	4.72279945326651e-05	6.34643048543142e-05	3.92903379165513e-05	1.62920048615342e-05	1.46778218112432e-05	4.22080434461461e-05	5.23074632690957e-05	4.70142798039191e-06	1.10078816432566e-05	1.82866171221253e-06
RG132	0.00379894043158031	4.27046263345196e-05	0.00112640288359138	0.0018183522354485	0	3.73844676164239e-05	0.000610692350642099	0	0	0	0	0	0	0	0	0	0	0	0	0	0	0	0	0	0	0	0	0	0	0	0	0
RG133	0.00400568548908128	0.00138790035587189	0	0	0.00116957824513795	0	0	0.000130438023304927	0	0	0	0	0	0	0	0	0	0	0	0	0	0	0	0	0	0	0	0	0	0	0	0
RG134	0.00439333247189559	0.00114590747330961	0.00130389667130881	0.00104977036273315	4.24016282225237e-05	6.32660221201019e-05	2.83535734226689e-05	0	0	0	0	0	0	0	0	0	0	0	0	0	0	0	0	0	0	0	0	0	0	0	0	0
RG135	0.00214497997157255	0.00115302491103203	0.00014336036700254	0.000281188490017809	0.00102470601537766	0.000161040783578441	6.54313232830821e-06	0.000245347710502124	5.98799407188587e-05	0	3.3199539190396e-06	0	0	6.31285233607101e-06	0	0	0	0	0	0	0	0	0	0	0	0	0	0	0	0	0	0
RG136	2.58431321876211e-05	4.27046263345196e-05	2.73067365719123e-05	0.000159340144343425	7.06693803708729e-05	1.72543696691187e-05	0.000338061836962591	1.86340033292753e-05	2.99399703594293e-05	0.00136390345935514	1.10665130634653e-06	9.02758468777196e-06	6.42804967129291e-05	0	0	7.09552511954117e-05	0	0	0	0	0	1.70355574673237e-05	0	0	0	0	0	0	0	0	0	0
RG138	0.00276521514407546	0.000213523131672598	0.00226645913546872	0.00142468834942356	7.06693803708729e-06	1.72543696691187e-05	9.81469849246231e-05	0	0	0	0	0	0	0	0	0	0	0	0	0	0	0	0	0	0	0	0	0	0	0	0	0
RG141	0.000103372528750485	0.000135231316725979	7.50935255727588e-05	0.000618614678039179	0.000318012211668928	0.000244436903645848	0.000311889307649358	0.000462744416010336	0.000197104804866243	0.000271343112467228	0.000312075668389723	0.000139024804191688	0.000281957633308985	0.00126677903543825	0.000701939867151381	0.000872657440026687	0.000273695287486227	0.000376901332615426	0.000608283010866583	0.000330300986774198	0.000751240098545025	0.000379041153647952	0	2.82063577130285e-05	5.89355068748269e-06	9.44936281968987e-05	0.000146778218112432	0.000105520108615365	1.81064295931485e-05	3.13428532026127e-06	0	0
RG142	0.00374725416720507	0.000469750889679715	0.00108544277873351	0.00137782360108726	1.76673450927182e-05	4.02601958946103e-05	0.000178845616973758	0	0	1.79697425474985e-06	0	0	0	0	0	0	0	0	0	0	0	0	0	0	0	0	0	0	0	0	0	0
RG143	0.00469052849205324	0.00096085409252669	0.00148139045902624	0.000271815540350548	3.53346901854365e-06	1.15029131127458e-05	1.09052205471803e-05	0	0	0	0	0	0	0	0	0	0	0	0	0	0	0	0	0	0	0	0	0	0	0	0	0
RG144	0	0	0	0	0	0	0	0	0	0	0	0	0	2.10428411202367e-06	0	1.84299353754316e-06	0	0	0	0	0	0	0.0012557090311038	0.000821510168391956	0.00120621337403812	0.00022808806806148	0.000176133861734919	0.000239178912861494	0.000152898738786588	0.000354174241189524	0.000330236449297697	0.000330987769910469
RG145	2.58431321876211e-05	3.55871886120996e-05	3.41334207148904e-05	0.000206204892679726	6.71359113523293e-05	1.72543696691187e-05	0.000383863763260748	2.4845337772367e-05	1.24749876497622e-05	0.00120576972493715	0	0	3.65230094959825e-05	0	2.8886414286065e-06	4.6074838438579e-05	0	0	5.75662155394242e-06	0	0	1.27766681004928e-05	0	0	0	0	0	0	0	0	0	0
RG147	0.00392815609251841	0.000896797153024911	0.00107861609459054	0.000627987627706439	0	9.48990331801529e-05	4.36208821887214e-05	0	0	0	0	0	0	0	0	0	0	0	0	0	0	0	0	0	0	0	0	0	0	0	0	0
RG148	0.00174441142266443	0.000939501779359431	0.00144043035416837	0.000534258131033836	0.000106004070556309	8.05203917892206e-05	0.000226828587381351	0	5.48899456589538e-05	0	0	0	0	0	0	0	0	0	0	0	0	0	0	0	0	0	0	0	0	0	0	0
RG149	0.00507817547486755	4.27046263345196e-05	0.000969389148302886	3.74917986690412e-05	0	0.000342211665104188	0	0	2.99399703594293e-05	0	0	0	0	0	0	0	0	0	0	0	0	0	0	0	0	0	0	0	0	0	0	0
RG151	0	0	0	0	0	0	0.000104690117252931	0	0	0	0	0	0	0.000140987035505586	0.000145876392144629	9.12281801083864e-05	0	0	1.91887385131414e-06	0	0	2.12944468341546e-06	0.000213915034059718	0.000839139141962598	0.000265209780936721	0.000280222483618389	0.00697196536034053	3.5173369538455e-05	9.8579450007142e-05	8.46257036470544e-05	0	0
RG152	0.00175733298875824	0.00097508896797153	0.000839682149586303	0.00178086043677945	0.000777363184079602	0.000928860233854224	0.000745917085427136	0.000388208402693235	0.000189619812276386	0.000138367017615739	1.88130722078911e-05	0	2.9218407596786e-06	2.10428411202367e-06	0	0	0	0	0	0	0	0	0	0	0	0	0	0	0	0	0	0
RG153	0	0	0	0	0	0	0.000152673087660525	0	0	0	0	0	0	0.000290391207459266	0.000784266147866666	0.000154811457153625	4.71888426700391e-06	5.55256427513797e-05	0	0	0	0	0.000208358799408817	0.000253857219417257	0.00022591944302017	0.000563703368209085	0.0111404667547336	0.00161797499876893	0.000315856605124924	0.000349472813209132	8.80630531460526e-05	6.40031599274387e-05
RG156	0.00450962656673989	0.000918149466192171	0.000648534993582917	0.000140594245008904	0	0	2.18104410943607e-05	0	0	0	0	0	0	0	0	0	0	0	0	0	0	0	0	0	0	0	0	0	0	0	0	0
RG157	0.00578886161002713	0.000896797153024911	0	2.81188490017809e-05	1.06004070556309e-05	0	0	0	0	0	0	0	0	0	0	0	0	0	0	0	0	0	0	0	0	0	0	0	0	0	0	0
RG158	0.00302364646595167	0.00108896797153025	0	0	0.000484085255540479	0	0	9.62756838679222e-05	0	0	0	0	0	0	0	0	0	0	0	0	0	0	0	0	0	0	0	0	0	0	0	0
RG159	0.00191239178188396	0.00112455516014235	0.000327680838862947	0.00137782360108726	4.24016282225237e-05	0	7.41554997208264e-05	0	0	0	0	0	0	0	0	0	0	0	0	0	0	0	0	0	0	0	0	0	0	0	0	0
RG160	0.00315286212688978	0.000334519572953737	0.000314027470576991	0.00163089324210329	0	0	8.94228084868788e-05	0	0	0	0	0	0	0	0	0	0	0	0	0	0	0	0	0	0	0	0	0	0	0	0	0
RG161	0.00178317612094586	0	0	0.000824819570718905	0	0	0.000558347292015634	0	0	0.00012039727506824	0	0	0	0	0	0	0	0	0	0	0	0	0	0	0	0	0	0	0	0	0	0
RG167	0.00100788215531722	7.11743772241993e-05	0.00215040550503809	0.000121848345674384	1.76673450927182e-05	0.000273194186427713	0	0	2.2454977769572e-05	0	0	0	0	0	0	0	0	0	0	0	0	0	0	0	0	0	0	0	0	0	0	0
RG170	0.00105956841969247	0.000683274021352313	0.00132437672373775	0.000234323741681507	0.000173139981908639	7.76446635110342e-05	4.14398380792853e-05	5.59020099878258e-05	0	0	0	0	0	0	0	0	0	0	0	0	0	0	0	0	0	0	0	0	0	0	0	0
RG171	0.001705646724383	0.00173665480427046	0	0	0.000424016282225237	0	0	3.41623394370046e-05	0	0	0	0	0	0	0	0	0	0	0	0	0	0	0	0	0	0	0	0	0	0	0	0
RG173	0.00409613645173795	0	0.000307200786434013	0.000534258131033836	0	8.62718483455935e-06	0.000137405778894472	0	0	0	0	0	0	0	0	0	0	0	0	0	0	0	0	0	0	0	0	0	0	0	0	0
RG174	0.00231296033079209	0	0.00189099150760493	4.68647483363014e-05	0	6.61417503982884e-05	0	0	0	0	0	0	0	0	0	0	0	0	0	0	0	0	0	0	0	0	0	0	0	0	0	0
RG177	0.00483266571908515	0	0.00014336036700254	0.000449901584028494	0	0	1.30862646566164e-05	0	0	0	0	0	0	0	0	0	0	0	0	0	0	0	0	0	0	0	0	0	0	0	0	0
RG181	0.00399276392298747	1.42348754448399e-05	0.000334507523005926	0.000384290936357672	0	0	3.70777498604132e-05	0	0	1.79697425474985e-06	0	0	0	0	0	0	0	0	0	0	0	0	0	0	0	0	0	0	0	0	0	0
RG182	0.00273937201188784	0.000839857651245552	0.000368640943720816	0.000590495829037398	0	0	0	0	0	0	0	0	0	0	0	0	0	0	0	0	0	0	0	0	0	0	0	0	0	0	0	0
RG183	0.00298488176767024	0	0.000266240681576145	0.00099353266472959	0	1.43786413909323e-05	6.3250279173646e-05	0	0	0	0	0	0	0	0	0	0	0	0	0	0	0	0	0	0	0	0	0	0	0	0	0
RG184	0.00347590127923504	0.000234875444839858	0.000587094836296114	0.000234323741681507	7.06693803708729e-06	0	3.92587939698492e-05	0	0	0	0	0	0	0	0	0	0	0	0	0	0	0	0	0	0	0	0	0	0	0	0	0
RG186	0.000581470474221476	4.98220640569395e-05	0.00187051145517599	0.000206204892679726	0	0.000166792240134814	1.52673087660525e-05	0	1.74649827096671e-05	0	0	0	0	0	0	0	0	0	0	0	0	0	0	0	0	0	0	0	0	0	0	0
RG189	0.00113709781625533	0.00161565836298932	9.5573578001693e-05	0.000103102446339863	0.000194340796019901	0	0	6.21133444309175e-06	0	0	0	0	0	0	0	0	0	0	0	0	0	0	0	0	0	0	0	0	0	0	0	0
RG191	0.000762372399534824	0.000519572953736655	0.0012151497774501	0.000103102446339863	0.000141338760741746	8.33961200674071e-05	0	4.65850083231882e-05	2.49499752995245e-06	0	0	0	0	0	0	0	0	0	0	0	0	0	0	0	0	0	0	0	0	0	0	0
RG192	0.00245509755782401	6.40569395017793e-05	0.000928429043445018	8.43565470053426e-05	0	3.1633011060051e-05	0	0	1.24749876497622e-05	1.79697425474985e-06	0	0	0	0	0	0	0	0	0	0	0	0	0	0	0	0	0	0	0	0	0	0
RG194	0.00178317612094586	0.000213523131672598	0.000191147156003386	0.00128409410441466	0	0	4.36208821887214e-05	0	0	0	0	0	0	0	0	0	0	0	0	0	0	0	0	0	0	0	0	0	0	0	0	0
RG195	0.00297196020157643	2.84697508896797e-05	0.000785068676442478	9.37294966726029e-06	0	0	0	0	0	0	0	0	0	0	0	0	0	0	0	0	0	0	0	0	0	0	0	0	0	0	0	0
RG196	0.00169272515828918	0	0.00111274951530543	0	0	0.000135159229074763	0	0	0	0	0	0	0	0	0	0	0	0	0	0	0	0	0	0	0	0	0	0	0	0	0	0
RG199	0.00206745057500969	0	0.00092160235930204	0.000243696691348767	0	2.30058262254916e-05	4.14398380792853e-05	0	0	1.79697425474985e-06	0	0	0	0	0	0	0	0	0	0	0	0	0	0	0	0	0	0	0	0	0	0
RG201	0.00369556790282982	0.000284697508896797	0	0	7.06693803708729e-06	0	0	0	0	0	0	0	0	0	0	0	0	0	0	0	0	0	0	0	0	0	0	0	0	0	0	0
RG202	0.00117586251453676	0.000306049822064057	0.000430081101007619	0.000618614678039179	0	0.000175419424969374	2.39914852037968e-05	0	2.49499752995245e-06	0	0	0	0	0	0	0	0	0	0	0	0	0	0	0	0	0	0	0	0	0	0	0
RG203	0.00105956841969247	0.000733096085409253	0.000402774364435706	0.00113412690973849	0.000141338760741746	3.73844676164239e-05	0.000458019262981575	3.10566722154588e-06	2.49499752995245e-06	0.000231809678862731	0	0	0	0	0	0	0	0	0	0	0	0	0	0	0	0	0	0	0	0	0	0
RG204	0.00131799974156868	0.000427046263345196	0	0.000187458993345206	0.00030034486657621	0	5.45261027359017e-05	0.000102487018311014	0	0	0	0	0	0	0	0	0	0	0	0	0	0	0	0	0	0	0	0	0	0	0	0
RG205	0.00156350949735108	0.000661921708185053	0	0.000702971225044521	1.06004070556309e-05	0	4.36208821887214e-05	0	0	0	0	0	0	0	0	0	0	0	0	0	0	0	0	0	0	0	0	0	0	0	0	0
RG206	0.00299780333376405	0.000199288256227758	6.82668414297807e-05	0.000224950792014247	0	2.01300979473052e-05	2.83535734226689e-05	0	0	0	0	0	0	0	0	0	0	0	0	0	0	0	0	0	0	0	0	0	0	0	0	0
RG210	0.00091743119266055	0.00173665480427046	6.82668414297807e-06	0	6.71359113523293e-05	0	0	0	0	0	0	0	0	0	0	0	0	0	0	0	0	0	0	0	0	0	0	0	0	0	0	0
RG212	0.0025713916526683	2.13523131672598e-05	0.000252587313290189	0.000431155684693973	0	0	3.70777498604132e-05	0	0	0	0	0	0	0	0	0	0	0	0	0	0	0	0	0	0	0	0	0	0	0	0	0
RG214	0.00107248998578628	7.11743772241993e-06	0	0.00115287280907302	0	0	0.000209380234505863	0	0	0	0	0	0	0	0	0	0	0	0	0	0	0	0	0	0	0	0	0	0	0	0	0
RG215	0.00133092130766249	0.000362989323843416	0.000805548728871413	0.000196831943012466	1.41338760741746e-05	8.62718483455935e-06	0	0	0	0	0	0	0	0	0	0	0	0	0	0	0	0	0	0	0	0	0	0	0	0	0	0
RG216	0.000310117586251454	0	0	0.00147155309775986	0	0	0.000261725293132328	0	0	0	0	0	0	0	0	0	0	0	0	0	0	0	0	0	0	0	0	0	0	0	0	0
RG217	0.00198992117844683	0.000690391459074733	0.000238933945004233	0.000243696691348767	3.53346901854365e-06	0	0	0	0	0	0	0	0	0	0	0	0	0	0	0	0	0	0	0	0	0	0	0	0	0	0	0
RG222	0.00308825429642073	0.000341637010676157	0	0	1.76673450927182e-05	0	0	0	0	0	0	0	0	0	0	0	0	0	0	0	0	0	0	0	0	0	0	0	0	0	0	0
RG223	0.0035405091097041	0	1.36533682859561e-05	0	0	0	0	0	0	0	0	0	0	0	0	0	0	0	0	0	0	0	0	0	0	0	0	0	0	0	0	0
RG224	0.00112417625016152	0	0	0.000862311369387946	0	0	0.000222466499162479	0	0	0	0	0	0	0	0	0	0	0	0	0	0	0	0	0	0	0	0	0	0	0	0	0
RG225	0.001227548778912	0.000241992882562278	0.000723628519155676	1.87458993345206e-05	1.41338760741746e-05	9.77747614583393e-05	0	0	1.74649827096671e-05	0	0	0	0	0	0	0	0	0	0	0	0	0	0	0	0	0	0	0	0	0	0	0
RG227	0.00245509755782401	0.000177935943060498	0.000204800524289342	0.000346799137688631	0	0	3.2715661641541e-05	0	0	0	0	0	0	0	0	0	0	0	0	0	0	0	0	0	0	0	0	0	0	0	0	0
RG232	0.00345005814704742	0	3.41334207148904e-05	3.74917986690412e-05	0	0	0	0	0	0	0	0	0	0	0	0	0	0	0	0	0	0	0	0	0	0	0	0	0	0	0	0
RG233	0.00068484300297196	0.00120996441281139	0	0	0.000162539574853008	0	0	3.10566722154588e-06	0	0	0	0	0	0	0	0	0	0	0	0	0	0	0	0	0	0	0	0	0	0	0	0
RG235	0.00294611706938881	6.40569395017793e-05	0.000122880314573605	0	0	0	0	0	0	0	0	0	0	0	0	0	0	0	0	0	0	0	0	0	0	0	0	0	0	0	0	0
RG237	0.00210621527329112	0.000455516014234875	8.19202097157369e-05	3.74917986690412e-05	0	0	0	0	0	0	0	0	0	0	0	0	0	0	0	0	0	0	0	0	0	0	0	0	0	0	0	0
RG239	0.00126631347719344	0.000398576512455516	0.000136533682859561	0.000702971225044521	0	0	8.72417643774428e-06	0	0	0	0	0	0	0	0	0	0	0	0	0	0	0	0	0	0	0	0	0	0	0	0	0
RG240	0.00100788215531722	0.000839857651245552	0.000723628519155676	0.00109663511106945	0.00026147670737223	0.00031633011060051	0.000261725293132328	9.31700166463763e-05	0.000107284893787955	0.000264155215448228	0	0	0	0	0	9.2149676877158e-07	0	0	0	0	0	0	0	0	0	0	0	0	0	0	0	0
RG241	0.00193823491407159	0.000149466192170818	0	0.000852938419720686	0	0	0	0	0	0	0	0	0	0	0	0	0	0	0	0	0	0	0	0	0	0	0	0	0	0	0	0
RG246	0.00270060731360641	0.000135231316725979	0	0	0	0	0	0	0	0	0	0	0	0	0	0	0	0	0	0	0	0	0	0	0	0	0	0	0	0	0	0
RG247	0.00115001938234914	0	0.0007782419922995	0	0	6.61417503982884e-05	0	0	7.48499258985734e-06	0	0	0	0	0	0	0	0	0	0	0	0	0	0	0	0	0	0	0	0	0	0	0
RG249	0.00189947021579015	0.000270462633451957	0.000218453892575298	6.5610647670822e-05	0	0	0	0	0	0	0	0	0	0	0	0	0	0	0	0	0	0	0	0	0	0	0	0	0	0	0	0
RG250	0.00157643106344489	9.25266903914591e-05	0.000375467627863794	0.000215577842346987	0	0	2.18104410943607e-05	0	0	0	0	0	0	0	0	0	0	0	0	0	0	0	0	0	0	0	0	0	0	0	0	0
RG253	0.00131799974156868	0	0.00021162720843232	0	0	0.000120780587683831	0	0	4.98999505990489e-05	0	0	0	0	0	0	0	0	0	0	0	0	0	0	0	0	0	0	0	0	0	0	0
RG266	0.00120170564672438	9.25266903914591e-05	0.000498347942437399	7.49835973380823e-05	0	0	0	0	0	0	0	0	0	0	0	0	0	0	0	0	0	0	0	0	0	0	0	0	0	0	0	0
RG275	0.00155058793125727	0.000391459074733096	0	0	7.06693803708729e-06	0	0	0	0	0	0	0	0	0	0	0	0	0	0	0	0	0	0	0	0	0	0	0	0	0	0	0
RG276	0.00196407804625921	0	0.000122880314573605	5.62376980035617e-05	0	0	0	0	0	0	0	0	0	0	0	0	0	0	0	0	0	0	0	0	0	0	0	0	0	0	0	0
RG279	0.00117586251453676	0	0.000546134731438246	0	0	0	0	0	0	0	0	0	0	0	0	0	0	0	0	0	0	0	0	0	0	0	0	0	0	0	0	0
RG280	0.00127923504328725	0.000313167259786477	2.73067365719123e-05	0.000224950792014247	0	0	0	0	0	0	0	0	0	0	0	0	0	0	0	0	0	0	0	0	0	0	0	0	0	0	0	0
RG298	0.001705646724383	0	0	0.000206204892679726	0	0	0	0	2.49499752995245e-06	0	0	0	0	0	0	0	0	0	0	0	0	0	0	0	0	0	0	0	0	0	0	0
RG307	0.00187362708360253	0	0	0	0	0	0	0	0	0	0	0	0	0	0	0	0	0	0	0	0	0	0	0	0	0	0	0	0	0	0	0
RG309	0.00160227419563251	0	0	0.000112475396007123	0	0	0	0	0	0	0	0	0	0	0	0	0	0	0	0	0	0	0	0	0	0	0	0	0	0	0	0
RG314	0.00171856829047681	0	0	5.62376980035617e-05	0	0	0	0	0	0	0	0	0	0	0	0	0	0	0	0	0	0	0	0	0	0	0	0	0	0	0	0
RG316	0.00165396046000775	0	0	0	0	0	0	0	0	0	0	0	0	0	0	0	0	0	0	0	0	0	0	0	0	0	0	0	0	0	0	0
RG320	0.00127923504328725	0	0.000232107260861254	0	0	0	0	0	0	0	0	0	0	0	0	0	0	0	0	0	0	0	0	0	0	0	0	0	0	0	0	0
RG335	0.00113709781625533	0	0	0.000346799137688631	0	0	0	0	0	0	0	0	0	0	0	0	0	0	0	0	0	0	0	0	0	0	0	0	0	0	0	0
RG343	0.00120170564672438	7.82918149466192e-05	0	9.37294966726029e-05	0	0	0	0	0	0	0	0	0	0	0	0	0	0	0	0	0	0	0	0	0	0	0	0	0	0	0	0
RG346	0.00121462721281819	0	0	0.000140594245008904	0	0	8.72417643774428e-06	0	0	0	0	0	0	0	0	0	0	0	0	0	0	0	0	0	0	0	0	0	0	0	0	0
RG354	0.00124047034500581	0	0.000122880314573605	0	0	0	0	0	0	0	0	0	0	0	0	0	0	0	0	0	0	0	0	0	0	0	0	0	0	0	0	0
RG355	0	0	0	0	0	0	2.18104410943607e-05	0	0	0	0	1.80551693755439e-06	0	2.31471252322604e-05	1.7331848571639e-05	1.29009547628021e-05	0	0	0	0	0	0	3.33374079054107e-05	8.81448678532141e-05	8.84032603122403e-05	0.00149886444726115	0.0220167327168648	0.000386907064923005	0.00012070953062099	0.000755362762182967	7.7055171502796e-05	2.7429925683188e-05
RG359	0.00131799974156868	0	0	0	0	0	0	0	0	0	0	0	0	0	0	0	0	0	0	0	0	0	0	0	0	0	0	0	0	0	0	0
RG436	0	0	0	0	0	0	3.92587939698492e-05	0	0	0	0	0	0	5.05028186885681e-05	4.62182628577041e-05	2.94878966006906e-05	1.88755370680156e-05	1.68259523489029e-06	0	0	3.68254950267169e-06	0	1.66687039527053e-05	7.05158942825713e-06	3.92903379165513e-06	9.44936281968987e-05	0.00110083663584324	0.000302490978030713	4.02365102069967e-06	0	0	1.82866171221253e-06
RG523	0	0	0	0	0	0	1.09052205471803e-05	0	0	0	0	0	0	1.68342728961894e-05	8.66592428581952e-06	2.30374192192895e-05	0	0	0	0	0	0	3.88936425563124e-05	7.40416889966999e-05	2.55387196457583e-05	8.7976826252285e-05	0.00155584911199178	2.1104021723073e-05	2.61537316345479e-05	0.000405889948973835	4.40315265730263e-05	2.7429925683188e-05
